Year	0_temp	1_temp	2_temp	3_temp	4_temp
1765	-0.121556571481	-0.158229344107	-0.200535811042	-0.141380090688	-0.175998462417
1766	-0.117248181266	-0.150919509167	-0.190470519031	-0.135356921262	-0.167493553571
1767	-0.10864270994	-0.136284428893	-0.17032079689	-0.123320510154	-0.150432124819
1768	-0.101704068427	-0.124524470009	-0.154170310194	-0.113647839635	-0.136720004067
1769	-0.0973837596638	-0.117341245535	-0.144374875975	-0.10770071619	-0.128389708916
1770	-0.0935694887423	-0.111046007059	-0.135785636116	-0.102478893951	-0.121087041595
1771	-0.0884660300337	-0.102504529728	-0.124023298738	-0.0954359082221	-0.111110134064
1772	-0.0828716938696	-0.0931149224115	-0.111042409658	-0.0877070790857	-0.100114034208
1773	-0.077589918921	-0.0842752337879	-0.0988028073801	-0.0804285833986	-0.089754439164
1774	-0.0728270012002	-0.0763457711473	-0.0878109762808	-0.0738928300936	-0.0804595514272
1775	-0.0685968437561	-0.0693499571933	-0.0781026230233	-0.0681185305081	-0.0722591967687
1776	-0.0646783124389	-0.0628997837035	-0.0691382142495	-0.062790228207	-0.0646967146489
1777	-0.0608418648394	-0.0565924224328	-0.060356904502	-0.0575805648207	-0.057297360289
1778	-0.0570473366124	-0.0503563372194	-0.05166029233	-0.0524314538405	-0.0499771499101
1779	-0.0534963180521	-0.0445431913098	-0.0435411807834	-0.0476285894633	-0.0431517253243
1780	-0.0503076034406	-0.0393595471738	-0.0362898260363	-0.043339889659	-0.0370650481179
1781	-0.0474673443256	-0.0347889798047	-0.0298800702833	-0.0395510414814	-0.0316967258211
1782	-0.0457853146275	-0.0322486577877	-0.0262935877094	-0.0374125928282	-0.028722148678
1783	-0.0474823857264	-0.0356194758197	-0.0309606544272	-0.040076080075	-0.0327303356239
1784	-0.0514836591745	-0.0430189114085	-0.0412580192902	-0.0460121265818	-0.0414989241101
1785	-0.0529233905679	-0.04592387946	-0.04528183056	-0.0482999811371	-0.0449569450381
1786	-0.050841330986	-0.0426537587188	-0.0406792496809	-0.0455749356608	-0.0411181417114
1787	-0.0474744033805	-0.037128313742	-0.032921318408	-0.0410196544816	-0.034614028082
1788	-0.0442021909832	-0.0317644571758	-0.0253842679348	-0.0365966039868	-0.0283002917581
1789	-0.0447435112275	-0.0330768903636	-0.0271727651835	-0.0375950123664	-0.0298763974957
1790	-0.0501997148246	-0.0429946275602	-0.0409915634679	-0.0455804289491	-0.041623903415
1791	-0.0539395331789	-0.0499099576091	-0.0506282586967	-0.0511265596247	-0.0498255337378
1792	-0.0528674175126	-0.048400353142	-0.0485039244861	-0.0498307452142	-0.0480726704802
1793	-0.0496738828797	-0.0431704684936	-0.0411884595045	-0.0455142533128	-0.0419247976998
1794	-0.0465578463582	-0.0380732189772	-0.0340620487451	-0.0413054812568	-0.0359343174452
1795	-0.0445423693685	-0.0349012130361	-0.0296303151723	-0.0386597744099	-0.0322197344196
1796	-0.0428715011002	-0.0323304165022	-0.0260458807321	-0.0365019062786	-0.0292167540463
1797	-0.0406147325095	-0.0287403640885	-0.0210406231853	-0.0335149583867	-0.025009605778
1798	-0.037957602103	-0.0244554489289	-0.0150671786132	-0.0299624302861	-0.0199816673396
1799	-0.0353235878386	-0.0202075610329	-0.00915262364201	-0.0264397978658	-0.0149987873502
1800	-0.03273145534	-0.0160392070588	-0.00335162532805	-0.0229804091615	-0.0101102816141
1801	-0.0301348901533	-0.0118689267179	0.00244875435193	-0.0195180558471	-0.0052202112272
1802	-0.0277695333838	-0.00811867130642	0.00766271183613	-0.0163940738242	-0.000826775956669
1803	-0.0257130994637	-0.00491422109143	0.0121079781797	-0.0137116770819	0.0029199064542
1804	-0.0238073648941	-0.00195978359556	0.0161873600412	-0.0112328404132	0.00636725843565
1805	-0.0220276015455	0.000776922237772	0.019951354248	-0.00892997978085	0.0095543589157
1806	-0.0204397121691	0.0031706289103	0.0232299902607	-0.00690355538758	0.0123339295058
1807	-0.0190245231491	0.00525563073981	0.0260709958177	-0.00512581041262	0.0147463867634
1808	-0.0340081648206	-0.0213838681657	-0.0112338459359	-0.0266685369915	-0.0167937386077
1809	-0.0852266845153	-0.111495473973	-0.137266950727	-0.0997409320872	-0.123362004669
1810	-0.1440398309	-0.21490064894	-0.281987629193	-0.183598656949	-0.245669967903
1811	-0.169862432434	-0.260509496419	-0.346073248879	-0.220521758762	-0.299701677036
1812	-0.170418202767	-0.261858215777	-0.348368783021	-0.221504065595	-0.301443005809
1813	-0.164369750068	-0.251634384817	-0.334501962816	-0.213089331691	-0.28951452898
1814	-0.176465042395	-0.273193699569	-0.365039206056	-0.230478944793	-0.315151660866
1815	-0.236086329494	-0.378017059682	-0.511943552387	-0.315466079669	-0.439205590167
1816	-0.305940037309	-0.50077410136	-0.684022778352	-0.415001871178	-0.584484315951
1817	-0.329107458918	-0.541749947007	-0.741969192429	-0.44812670452	-0.633144999239
1818	-0.312003963464	-0.512180263536	-0.701390805528	-0.423969736966	-0.598455028184
1819	-0.281662295703	-0.459416353501	-0.628375182434	-0.380982918224	-0.536356908551
1820	-0.250331481811	-0.404915927486	-0.552881034135	-0.336591055274	-0.472192558098
1821	-0.222166785838	-0.355957490879	-0.485078148635	-0.296704441938	-0.414557198622
1822	-0.197070714251	-0.312378907097	-0.42474229643	-0.261190071582	-0.363258469737
1823	-0.174689726734	-0.273569051016	-0.371021522798	-0.229550241283	-0.317575828653
1824	-0.154676679117	-0.238909762566	-0.323062563411	-0.201283701607	-0.276782663444
1825	-0.136712356364	-0.207841742292	-0.280088527235	-0.175935845614	-0.240220713724
1826	-0.120525518712	-0.17988973046	-0.241439277688	-0.153120380966	-0.207330573908
1827	-0.10590683985	-0.154686787234	-0.206605549606	-0.132539054276	-0.177680400631
1828	-0.0928688196043	-0.132254685622	-0.175620741776	-0.114209224502	-0.151297437828
1829	-0.0823004226361	-0.114142073681	-0.15065610561	-0.0993889176712	-0.130014273368
1830	-0.0800281773843	-0.110608219294	-0.146024127479	-0.0964008394072	-0.125952794274
1831	-0.0906539240117	-0.129695839362	-0.172986827933	-0.11177712275	-0.148621343299
1832	-0.103173739398	-0.152062581373	-0.204573945771	-0.129822197189	-0.175165268075
1833	-0.1043892843	-0.154608801028	-0.208501826744	-0.131777784439	-0.178283366342
1834	-0.110783474937	-0.166220677398	-0.22510599422	-0.141094337248	-0.192115542888
1835	-0.137502976303	-0.213435563952	-0.291474885596	-0.179315706212	-0.248030514606
1836	-0.15955168947	-0.252496470219	-0.346491892875	-0.210908749771	-0.294320173108
1837	-0.159133709923	-0.252216385355	-0.346578620555	-0.210555102677	-0.294123999458
1838	-0.145840855617	-0.229381444934	-0.315157126387	-0.1918865919	-0.267278447624
1839	-0.129677663182	-0.201535387435	-0.276708475698	-0.169144850155	-0.234516672824
1840	-0.115452560712	-0.177105701102	-0.243000873459	-0.149173580034	-0.205794584836
1841	-0.103078686866	-0.155938213901	-0.213825062583	-0.131847561936	-0.180930657145
1842	-0.0916755213881	-0.136493337333	-0.187034785747	-0.115914761709	-0.158108541452
1843	-0.0822126336918	-0.120466750613	-0.16500366358	-0.102752715968	-0.139330881966
1844	-0.0740522700821	-0.106738570007	-0.14617079394	-0.0914526025059	-0.123273571706
1845	-0.0654805202815	-0.0923304297241	-0.126361949143	-0.079592783785	-0.106415206361
1846	-0.0565143667963	-0.077244642462	-0.105588399643	-0.0671809991222	-0.0887544944531
1847	-0.0477592456309	-0.0625256138481	-0.0853131290823	-0.055069197417	-0.0715215317322
1848	-0.0394801021377	-0.0486493395163	-0.0661953895422	-0.0436410708854	-0.0552802817741
1849	-0.0325195044091	-0.0370882597554	-0.0502941287573	-0.0340933948201	-0.0417691592851
1850	-0.0271647259751	-0.0283627921867	-0.038331544266	-0.0268475264886	-0.0315995741068
1851	-0.0222992870745	-0.0204993006365	-0.0275875178148	-0.0202992234158	-0.022451031514
1852	-0.0175355475127	-0.0128570643543	-0.0170699044514	-0.0139344369544	-0.0135350468056
1853	-0.0129890683571	-0.0056384469393	-0.00704974703279	-0.00791837005479	-0.00508862169893
1854	-0.00872359657435	0.00105042222728	0.00223387242055	-0.00232570341857	0.00273054293056
1855	-0.00926679816798	-0.000709722468748	-0.000280265464084	-0.00358949493456	0.00056575079666
1856	-0.0248286797683	-0.0287699070339	-0.0395499113367	-0.0262078884624	-0.0326833923435
1857	-0.0467973304651	-0.0680464513325	-0.0945247776337	-0.0579320868071	-0.0791962961218
1858	-0.0554716129716	-0.0840004239057	-0.116971232261	-0.0707209835886	-0.0981608580674
1859	-0.0519207251635	-0.0785363099151	-0.109507219244	-0.0661194330509	-0.0918181840728
1860	-0.0445927787152	-0.0665826580922	-0.0929011737185	-0.0562356223334	-0.0777897956362
1861	-0.0386463307401	-0.0572401074767	-0.0798197370009	-0.0484521700011	-0.0668201451712
1862	-0.036128144924	-0.0538483985063	-0.075148824113	-0.0454991003789	-0.0629088080295
1863	-0.0333158903178	-0.0498380405271	-0.0697522279508	-0.0420458701305	-0.0583029056853
1864	-0.02803221368	-0.0415004966964	-0.0583037470123	-0.0350792826234	-0.0485819342478
1865	-0.0217739812089	-0.0314887445815	-0.0444974123136	-0.0267504835883	-0.0368764372602
1866	-0.0156281490605	-0.0217861457432	-0.0310609754486	-0.0186609571247	-0.0255207338171
1867	-0.00984582694968	-0.0128284736344	-0.0185994082393	-0.0111649959117	-0.0150299512256
1868	-0.00432174778365	-0.00431168285991	-0.00675409170287	-0.00402839790549	-0.00506096318903
1869	0.000875142135338	0.00372954369849	0.00438139421631	0.0027107704606	0.00433521678404
1870	0.00580925790969	0.0113670532905	0.0149240841366	0.00911554529629	0.0132476253039
1871	0.0102455134512	0.0180244762302	0.0241948734315	0.0147329877041	0.0210235865788
1872	0.0133304746817	0.0220651442078	0.0301017231062	0.0182358257911	0.02578266994
1873	0.0151749081448	0.0237569862242	0.0329362589088	0.0198384740954	0.0278192408147
1874	0.0169998881942	0.0254670302395	0.0357605537727	0.0214526576318	0.0298636242628
1875	0.0184472951395	0.0266235431638	0.0377371748802	0.0226083299824	0.0312323014308
1876	0.0185439483602	0.0255251467378	0.0364955452882	0.0219225303036	0.0299172484887
1877	0.0188243845788	0.0249277735295	0.0358538629837	0.0216250585414	0.0291681808212
1878	0.0204729970845	0.0268359200466	0.03864386696	0.0233518671669	0.0313609908287
1879	0.0229799630356	0.0302249745809	0.0435050973585	0.0262862697514	0.0352995099345
1880	0.0259885119491	0.034294498076	0.0494019887388	0.029800940939	0.0400516834375
1881	0.0292932320622	0.0388104025172	0.0559762752082	0.0336858696678	0.0453410362956
1882	0.0290328290862	0.0371572876721	0.0538355117491	0.0325598134929	0.0433143775837
1883	-0.00118243014824	-0.0169846422661	-0.0217374083605	-0.0111685878	-0.0207764882939
1884	-0.0522489171431	-0.107619321033	-0.148390196619	-0.0845244849746	-0.128015772049
1885	-0.0777339416512	-0.153317550365	-0.212419430121	-0.121405169294	-0.182177729044
1886	-0.0837886796502	-0.164892557642	-0.228865096833	-0.130587416706	-0.196033825935
1887	-0.0848469239671	-0.167727723008	-0.233114554757	-0.132670292735	-0.199566368355
1888	-0.0821155136779	-0.164066665818	-0.228229572908	-0.129461918752	-0.195406156591
1889	-0.0817845783707	-0.164645197753	-0.229262982566	-0.129691449102	-0.196251482308
1890	-0.0830168482392	-0.167959883935	-0.23413988359	-0.132142477219	-0.200329396457
1891	-0.0814606569946	-0.16648043362	-0.232303730712	-0.130688711511	-0.198734884617
1892	-0.0739448859696	-0.15459163708	-0.215922119779	-0.12077927788	-0.184835551271
1893	-0.062060813092	-0.135040529602	-0.188823955862	-0.104653135869	-0.161872613634
1894	-0.047710393019	-0.111153570114	-0.155633885	-0.0850148132953	-0.133769725577
1895	-0.0352933401119	-0.0906776499861	-0.127159650926	-0.0681478145636	-0.109682289041
1896	-0.0292340599847	-0.0813448475639	-0.114251045203	-0.0603273694049	-0.0987628872997
1897	-0.0265921865296	-0.0779682646742	-0.109686717574	-0.0573452890564	-0.0948887790726
1898	-0.0207491539009	-0.0689832071978	-0.0973005067707	-0.0498059196952	-0.0843965687204
1899	-0.0116671157752	-0.0543644576737	-0.0770364093943	-0.0376826741577	-0.0672559515555
1900	-0.00173739542141	-0.0383082561137	-0.0547598251827	-0.0243818456753	-0.04842543938
1901	0.00684588357548	-0.0246356600329	-0.0357568928867	-0.0130168891045	-0.0324011478357
1902	-0.000191142612317	-0.0383620781566	-0.0549976995201	-0.023893657823	-0.0487542896896
1903	-0.019039640399	-0.0728691285527	-0.103304702436	-0.0516223992992	-0.0896833814753
1904	-0.0255254444879	-0.0857816120293	-0.121478486919	-0.0618027825046	-0.105107001621
1905	-0.0190453580443	-0.0760290722869	-0.108007133631	-0.053566926705	-0.093761910991
1906	-0.00973453602651	-0.0614015944268	-0.0876942757781	-0.0413582647337	-0.0766592283729
1907	-0.00198571889612	-0.0496033302014	-0.071317641397	-0.0314307827885	-0.0629024598343
1908	0.00565855844515	-0.0379638376335	-0.0552457168849	-0.021626431768	-0.049356604426
1909	0.0150024117784	-0.0232800557952	-0.0350268912165	-0.00934901473336	-0.0322414311849
1910	0.0246456924782	-0.00810759554743	-0.0141621898494	0.00333686448277	-0.0145615579875
1911	0.0337285240834	0.00606638186929	0.00520845478534	0.0152272054678	0.00190849143112
1912	0.034166824973	0.00510143369767	0.00327351448974	0.0148439960369	0.000440581302796
1913	0.0314641652509	-0.00139883321824	-0.00651359083695	0.00998619714455	-0.00760502710646
1914	0.0368026895132	0.0062555997685	0.0033459469266	0.0166225859983	0.00104593877387
1915	0.0458689642462	0.0205577410653	0.0223821721997	0.0286480678998	0.017527289648
1916	0.0556140384136	0.0360307680025	0.0430344502302	0.0416307062074	0.0353841800776
1917	0.0651151135365	0.0510225265315	0.0630319234312	0.0542309424622	0.0526737336921
1918	0.0740964052563	0.0651025817981	0.0812602574701	0.0660925408199	0.0688825621827
1919	0.0820766392023	0.0775552929961	0.0971224395283	0.076617935007	0.0831551954085
1920	0.0865494929932	0.083893969963	0.104476598896	0.0821758399493	0.0901988140709
1921	0.0902544246551	0.0889700038848	0.110139519364	0.0866912348786	0.095761416566
1922	0.0967346537543	0.0990062191313	0.122777782182	0.0952173132016	0.107188321889
1923	0.103448553023	0.10923285352	0.1358096829	0.103927832118	0.118852196936
1924	0.109418898385	0.118012390954	0.146923095913	0.111483246473	0.128813722853
1925	0.115432335923	0.126870474401	0.158152371709	0.119105753254	0.138858344514
1926	0.121746826217	0.136253176866	0.170136957199	0.127156494038	0.149517847645
1927	0.127806770363	0.145165028031	0.18153917623	0.134823222963	0.159635249048
1928	0.131901316396	0.150605056559	0.188162991712	0.1396711286	0.165661494502
1929	0.134246044865	0.152946363874	0.190477557799	0.142009178245	0.16802352604
1930	0.137590905426	0.157083757791	0.195300623582	0.145800105339	0.172503723425
1931	0.141815570856	0.162937536647	0.202469647612	0.150960394331	0.179003236765
1932	0.144932609782	0.167012071107	0.207107366049	0.154654310887	0.183390455768
1933	0.148413494623	0.171759743215	0.212672084888	0.158890859307	0.188568455165
1934	0.153322826311	0.178938819869	0.22167235257	0.165111394628	0.196623390971
1935	0.158715093676	0.186909367446	0.231806866913	0.171981876272	0.205617439459
1936	0.164607871125	0.195717424538	0.243176376611	0.179532890107	0.215616235106
1937	0.170218519309	0.204006526803	0.253857190282	0.186663027102	0.225010565004
1938	0.175045567745	0.211048409994	0.262756301909	0.192763695372	0.232923081972
1939	0.179661541525	0.217814168395	0.271263271382	0.198624247138	0.240512384075
1940	0.184539830884	0.224947327122	0.280343072617	0.204793653549	0.248546627758
1941	0.189174192929	0.231550901528	0.288756878401	0.210542732829	0.255971957433
1942	0.192481661688	0.235782864522	0.293934668998	0.214365766673	0.260614798502
1943	0.195231123395	0.238985125049	0.297691724062	0.217360072109	0.264042960113
1944	0.198663122578	0.24328553387	0.302983010181	0.221264432828	0.268761117323
1945	0.202529671768	0.248275876823	0.309214288745	0.22574497839	0.274282426488
1946	0.206599660252	0.253567235121	0.315932552932	0.230471797783	0.28017700831
1947	0.210272431233	0.258002406859	0.3215668689	0.234518244816	0.285086520311
1948	0.213763705403	0.261891209166	0.326475414298	0.238158339632	0.289346662788
1949	0.216779666942	0.2648181743	0.329997644918	0.24104614448	0.29244799795
1950	0.219377922776	0.266856762515	0.332237600062	0.24324678324	0.294474566645
1951	0.221455073177	0.267901670101	0.333354600677	0.244621328193	0.295409180582
1952	0.222885493489	0.267793880643	0.333115224419	0.245031302292	0.29506305844
1953	0.224135511728	0.267176720282	0.33207790938	0.245073861131	0.294074081737
1954	0.225875844305	0.2672200557	0.331870427545	0.245701428735	0.293820605596
1955	0.228945327207	0.269432600508	0.334639696544	0.248126262966	0.296102805612
1956	0.233192867939	0.273543464831	0.340017369701	0.252128964803	0.300601753839
1957	0.238335865401	0.279040250022	0.347260066847	0.257299624944	0.306703302692
1958	0.243735201026	0.284845687252	0.354811795951	0.26276308708	0.31311837844
1959	0.249070431442	0.290375780372	0.361691565477	0.268069811551	0.319102720791
1960	0.252043049381	0.2915704415	0.362197598573	0.269934395115	0.319843683179
1961	0.251879138343	0.287137770468	0.354845204031	0.267254085503	0.313926857774
1962	0.249487272439	0.278657560661	0.341875460839	0.261309530534	0.303228125356
1963	0.232031842624	0.243630726323	0.291647817005	0.233861039595	0.261090347889
1964	0.205412417593	0.192406506265	0.218602011921	0.193311209824	0.199737797396
1965	0.193498118868	0.166794699063	0.181076941489	0.173614991082	0.168562243047
1966	0.197008454211	0.168053211213	0.180837538493	0.175794965209	0.169050219229
1967	0.205791237873	0.178357143716	0.193029571721	0.185378949012	0.180151581978
1968	0.208384819434	0.177615662111	0.189568564516	0.186060872145	0.178111514409
1969	0.20975036676	0.174596357692	0.182629442524	0.184953723232	0.173274981834
1970	0.22052243549	0.188049700742	0.198355690316	0.197265764233	0.18779121296
1971	0.237239976899	0.211793331252	0.228024481338	0.218009375885	0.214320150993
1972	0.255014247421	0.236999082062	0.259368443341	0.24006098689	0.242425952744
1973	0.270745747297	0.258287841997	0.285050474894	0.259020309584	0.26581684954
1974	0.281043990575	0.269830837564	0.297027673041	0.270120695592	0.277643428283
1975	0.28810619441	0.275461303539	0.300603359665	0.276481774577	0.282421586853
1976	0.299966489379	0.289330719737	0.315656289705	0.289568126662	0.296911973075
1977	0.317466098762	0.312944070092	0.344283271355	0.310596163368	0.322896931254
1978	0.33461347201	0.335813398962	0.371690984702	0.331068076779	0.347932379244
1979	0.351785142863	0.35867785724	0.398909230186	0.351567438802	0.372900742511
1980	0.370868548137	0.384709361087	0.430469877557	0.374683148248	0.401570224586
1981	0.386884437781	0.405239182068	0.454399770065	0.393346428704	0.423750489426
1982	0.379511027033	0.38497369136	0.421633812239	0.378815862536	0.397825664973
1983	0.364299368917	0.351133530181	0.370100254622	0.353207248131	0.355936336368
1984	0.370394130905	0.354706481329	0.370849465332	0.357955806031	0.358273623426
1985	0.386925761912	0.376689089698	0.397315022324	0.377626717268	0.382379647556
1986	0.405061367108	0.401611989236	0.427945299482	0.399654618001	0.40998595105
1987	0.424052678097	0.428117976162	0.460840771627	0.422945193819	0.439488408308
1988	0.444649559969	0.45747835774	0.49769853348	0.448550691089	0.47235514202
1989	0.466070739271	0.488376362097	0.536634489203	0.475394890371	0.507025515393
1990	0.486667846988	0.518040237618	0.573887198475	0.501193452536	0.54026269465
1991	0.474452363408	0.490683744531	0.531794097113	0.480569296924	0.506248578986
1992	0.443912615763	0.43169651486	0.445864225825	0.434129884788	0.434999895112
1993	0.441767421278	0.422887694312	0.43018677686	0.428326393853	0.423139853266
1994	0.458791452917	0.448166064574	0.462337424809	0.450079819573	0.451665417794
1995	0.481280520366	0.48347879395	0.508644295955	0.479878526946	0.492127916114
1996	0.504645165732	0.520710415925	0.557777892022	0.511148221212	0.534928498676
1997	0.527704951441	0.557474596418	0.606467169885	0.541999363784	0.577251917643
1998	0.551048202413	0.594552306748	0.655780729176	0.57311767104	0.619989961581
1999	0.574540292304	0.631784400247	0.705445450654	0.604363298439	0.662949941221
2000	0.5970860265	0.667342828047	0.75305459232	0.634218164718	0.704020431575
2001	0.618197523755	0.700507107027	0.797581261874	0.662072924987	0.742358190971
2002	0.638062671101	0.731679616845	0.839440246516	0.688262818371	0.778387891879
2003	0.656730228469	0.760877119709	0.878597100957	0.712819083664	0.812112234864
2004	0.674273261002	0.788242061075	0.915319980311	0.73584795028	0.843717406164
2005	0.689317162643	0.811465511061	0.946339004542	0.755459191057	0.870473928183
2006	0.700117186175	0.827629646734	0.967497380029	0.769271043149	0.888909428749
2007	0.708902137649	0.840663819002	0.984199402862	0.780476960351	0.90364896241
2008	0.718242144173	0.854994880027	1.0026149394	0.792689824889	0.919907172327
2009	0.728588381091	0.871345065456	1.02370173318	0.806512612784	0.938523123144
2010	0.740265711329	0.890169795681	1.04814524676	0.822332818152	0.960036031172
2011	0.752619968381	0.910165794427	1.07417249618	0.83911227252	0.982918364334
2012	0.765297477713	0.930614190598	1.1007957664	0.856286580616	1.0063113894
2013	0.778120157308	0.951184306781	1.12749252887	0.873595331515	1.02981105545
2014	0.790868869981	0.971497611512	1.15375670365	0.89073043748	1.05296972664
2015	0.803608290119	0.991668119142	1.17971447362	0.907785296448	1.07591963275
2016	0.81686630013	1.01262197808	1.20667962823	0.925512319011	1.09975355697
2017	0.830562866241	1.03422112597	1.23442995813	0.943799408959	1.12430745086
2018	0.844692041264	1.05645817008	1.26298073353	0.962640163586	1.14957240442
2019	0.859222579818	1.07929081795	1.29227070008	0.981997403325	1.17549972276
2020	0.874128808965	1.10271415733	1.32229456902	1.00185891729	1.20208765267
2021	0.88916044197	1.12667186368	1.35352367322	1.0220378632	1.22947725971
2022	0.904386246008	1.15126741396	1.3860671968	1.04262554252	1.25777850991
2023	0.919677161444	1.1762598388	1.41955813505	1.06343263385	1.28669604571
2024	0.934825499936	1.20127107497	1.45344075741	1.08415811836	1.31577336239
2025	0.949551934433	1.22579758205	1.48698569297	1.1043989654	1.34440612352
2026	0.963745077055	1.24962983598	1.51987535926	1.12399082303	1.37233774174
2027	0.977508461358	1.27293453188	1.55231872833	1.14307478427	1.39975650289
2028	0.990703682326	1.29545441231	1.5839337029	1.16144764881	1.4263499847
2029	1.00324302333	1.31702132724	1.61446377307	1.17897838327	1.45191144304
2030	1.01524981042	1.33783712613	1.64417036195	1.19583619211	1.47667175813
2031	1.02623649545	1.35703378516	1.6718212989	1.21132146976	1.49959773136
2032	1.03623680151	1.37465706629	1.69746145875	1.22547632881	1.52073633502
2033	1.0455146962	1.39115614595	1.72170000356	1.23867033523	1.54061152956
2034	1.05423932635	1.40681434264	1.74491561732	1.25113821191	1.55955165037
2035	1.06236248858	1.42153482566	1.76695726271	1.26280575069	1.57743623429
2036	1.0694764825	1.43459173457	1.78679610965	1.27308774523	1.59340178934
2037	1.0758518108	1.44644799282	1.80506456405	1.28236395825	1.60799001104
2038	1.08176289916	1.45757359586	1.8224059558	1.29101974259	1.62175128334
2039	1.08705526595	1.46768767234	1.83841585212	1.29883056852	1.63434900581
2040	1.09155909384	1.47648324447	1.85265408085	1.30555044868	1.64541603951
2041	1.09548996564	1.48432904044	1.86562502194	1.31148181529	1.65538406481
2042	1.09880722146	1.49114522689	1.87720728152	1.31656273952	1.6641549321
2043	1.10167481863	1.49721097973	1.88778173209	1.32102256786	1.67205506801
2044	1.10407265566	1.50248348382	1.89728028543	1.32482902284	1.6790306677
2045	1.10595007055	1.50686694601	1.9055614836	1.32790661289	1.6849655743
2046	1.10729571811	1.51033493892	1.91258128422	1.33023599524	1.68982582198
2047	1.10819965764	1.51303909365	1.91854490781	1.33194224386	1.69378808357
2048	1.10867572207	1.5149978778	1.9234721351	1.33304216815	1.69687187259
2049	1.108769753	1.51628625369	1.9274621799	1.33359829536	1.69916367101
2050	1.10862251363	1.51714586759	1.93084767063	1.33380833694	1.70094716477
2051	1.10802672856	1.51720902966	1.93311053457	1.33337513616	1.70178610639
2052	1.10713098791	1.51673193045	1.93460445034	1.3325079444	1.70198168514
2053	1.10573489519	1.51535965197	1.93482979882	1.33091974603	1.70111301186
2054	1.10392656029	1.51324306528	1.93399361629	1.3287340882	1.69935702184
2055	1.1016845843	1.51034142278	1.93203558257	1.32591885839	1.6966643104
2056	1.09918955567	1.50696811424	1.92939039786	1.32272937942	1.69340412278
2057	1.09649601409	1.50321525967	1.92618371353	1.31924146053	1.68968411521
2058	1.09361379548	1.49909865534	1.92243631032	1.31546838614	1.6855223662
2059	1.0906144284	1.49474313713	1.91832221853	1.31151168474	1.68106615507
2060	1.08749233158	1.49013885104	1.9138278093	1.30736339239	1.67630376166
2061	1.08420739696	1.48521560367	1.90885528085	1.30296650409	1.67115221437
2062	1.08092213653	1.48025819158	1.90380275425	1.29855222111	1.66594810022
2063	1.07764687204	1.47528475609	1.89869599999	1.29413523265	1.66071292101
2064	1.07442321542	1.47036828305	1.89363738428	1.28977474814	1.65553300633
2065	1.0712209648	1.46545599089	1.88855357152	1.28542785434	1.65034606312
2066	1.06804598791	1.46055836154	1.88345952795	1.28110299183	1.6451645601
2067	1.06486975969	1.45562570098	1.87828612259	1.27675973023	1.63992985301
2068	1.06159999579	1.4504967063	1.8728082154	1.27226701262	1.6344513813
2069	1.05825408327	1.44520229602	1.86706906404	1.26764984221	1.62876573262
2070	1.0549801426	1.44000247903	1.86143203875	1.26311920398	1.62318027135
2071	1.05157688268	1.43454519861	1.85540560073	1.25838911701	1.61727904743
2072	1.04819770723	1.42909989422	1.84936624998	1.25367819113	1.6113805773
2073	1.04491211624	1.42378904945	1.84348545168	1.24908569158	1.60562977731
2074	1.04171508813	1.41860466548	1.83775253453	1.24460491523	1.60001740414
2075	1.03873494706	1.41377242722	1.83248338636	1.24041886162	1.594810429
2076	1.03591920043	1.40920130533	1.82755166851	1.23645335473	1.58990158742
2077	1.03312121576	1.40463542911	1.82260069309	1.23250037027	1.58498878858
2078	1.03037677284	1.40013854861	1.81772012651	1.22861138806	1.58014764322
2079	1.02785049128	1.396000127	1.81331508875	1.22502113366	1.57572055629
2080	1.02542239833	1.39201105163	1.80909440535	1.22155951609	1.57146075725
2081	1.02308548278	1.38816014268	1.80504327606	1.218217151	1.56735536509
2082	1.0208665964	1.38449553952	1.80122978226	1.21503281524	1.5634616076
2083	1.01862313723	1.38076850566	1.79730725873	1.21180425368	1.5594858482
2084	1.01659406395	1.37739874793	1.79386274568	1.20887193591	1.55592441127
2085	1.01479201519	1.37440942978	1.79092965439	1.206254356	1.55280506249
2086	1.01289551175	1.37123838074	1.78772359476	1.2034947784	1.5494637715
2087	1.01098459412	1.36802685802	1.7844424301	1.20070762217	1.54606772384
2088	1.00903046691	1.36472537985	1.78101762324	1.19785245442	1.54255869199
2089	1.00714043748	1.36152285266	1.77771363734	1.19508240431	1.53916017225
2090	1.00530995966	1.35841217096	1.77452123508	1.19239145818	1.53586403719
2091	1.00343510764	1.35521209731	1.77118785638	1.18963223511	1.53245634337
2092	1.00162296651	1.35211103288	1.76797719992	1.18695748358	1.52915996246
2093	0.999868805366	1.34910143484	1.76487935888	1.18436086378	1.52596622317
2094	0.998168315178	1.34617646971	1.76188539686	1.18183661951	1.52286728435
2095	0.99645105247	1.34321341405	1.75882443064	1.17928491325	1.51971832512
2096	0.994820622959	1.34039442992	1.75595142324	1.17685345897	1.51673482566
2097	0.993169455247	1.33753167537	1.75300452857	1.17438956366	1.51369500122
2098	0.991534913394	1.3346912001	1.75007643159	1.17194668845	1.5106770806
2099	0.989950115788	1.3319315737	1.7472494115	1.16957222612	1.50775046115
2100	0.988377896266	1.32918820178	1.74443370361	1.1672135772	1.50483898197
2101	0.986918191806	1.32663665375	1.74187502354	1.16501314032	1.50215030733
2102	0.98555996718	1.32425805248	1.73954757266	1.16295543723	1.49966233042
2103	0.984293355914	1.32203555327	1.73742836717	1.16102664465	1.49735533879
2104	0.983109533074	1.31995411872	1.73549692255	1.15921441215	1.49521174759
2105	0.982000596718	1.31800030934	1.73373496064	1.15750769273	1.49321585182
2106	0.980959469566	1.31616211027	1.73212616732	1.15589660238	1.49135362121
2107	0.97997981662	1.31442878627	1.73065599029	1.1543723026	1.48961252887
2108	0.979055963299	1.31279073804	1.72931143874	1.1529268838	1.48798138152
2109	0.978182822524	1.31123937453	1.72808090565	1.15155326157	1.48645016872
2110	0.977355830159	1.30976700008	1.72695401085	1.15024508501	1.48500992967
2111	0.976570885619	1.30836671075	1.7259214572	1.14899665244	1.48365263107
2112	0.975824306779	1.30703231599	1.72497492202	1.14780284752	1.4823710747
2113	0.975112785655	1.30575826158	1.72410695047	1.14665907657	1.4811588068
2114	0.974433343186	1.30453955121	1.72331084705	1.14556120462	1.48001002566
2115	0.973783295023	1.30337168731	1.72258059394	1.14450550711	1.47891951211
2116	0.973160215589	1.30225060895	1.72191076527	1.14348861922	1.47788255644
2117	0.972561913159	1.30117264897	1.72129646825	1.14250750082	1.47689490812
2118	0.971986412681	1.3001345048	1.72073330331	1.14155941248	1.47595274162
2119	0.971431931862	1.29913319733	1.7202173077	1.14064188185	1.47505260821
2120	0.970896859735	1.29816603426	1.71974490511	1.1397526736	1.47419139289
2121	0.970379737861	1.2972305779	1.71931286167	1.1388897631	1.47336627678
2122	0.969879241587	1.29632461318	1.718918242	1.13805131012	1.47257469949
2123	0.969394171109	1.29544613272	1.71855838917	1.13723564656	1.47181434183
2124	0.968923439265	1.29459331617	1.71823089664	1.13644125937	1.47108310169
2125	0.968466054881	1.29376450173	1.71793356912	1.13566676731	1.47037906058
2126	0.968021113938	1.29295817133	1.71766440264	1.13491090863	1.46970046645
2127	0.967587786218	1.29217292788	1.71742155326	1.13417252247	1.46904570695
2128	0.967165310441	1.29140748734	1.71720332668	1.13345054219	1.46841330032
2129	0.966752994949	1.29066068047	1.71700818123	1.13274399666	1.46780189767
2130	0.966350209663	1.28993143928	1.71683470942	1.13205199911	1.46721026716
2131	0.965956378778	1.28921878474	1.71668162134	1.13137373695	1.46663727961
2132	0.965570974526	1.28852181633	1.71654773045	1.13070846315	1.4660818964
2133	0.965193509628	1.28783969922	1.71643193619	1.13005548577	1.46554315443
2134	0.964823538296	1.2871716665	1.71633322742	1.12941416955	1.46502016891
2135	0.964460652896	1.28651701369	1.71625067516	1.12878393141	1.46451212701
2136	0.964104475173	1.28587508375	1.71618341201	1.1281642281	1.46401827028
2137	0.963754654456	1.28524526426	1.71613062854	1.12755455388	1.46353789146
2138	0.963410860546	1.28462697528	1.71609155662	1.12695443052	1.4630703202
2139	0.963072784436	1.28401967093	1.71606547192	1.12636340853	1.46261492508
2140	0.962740143966	1.28342284958	1.71605170838	1.12578107528	1.46217112568
2141	0.962412680196	1.28283604772	1.71604964994	1.12520705004	1.46173838551
2142	0.962090154067	1.28225883438	1.71605872296	1.12464097931	1.46131620544
2143	0.961772343672	1.28169080657	1.71607839008	1.12408253308	1.46090411842
2144	0.961459039856	1.28113158175	1.71610813993	1.12353139866	1.46050168069
2145	0.961150050025	1.28058080477	1.71614749693	1.12298728618	1.46010847995
2146	0.960845197308	1.28003814652	1.71619601966	1.12244992757	1.4597241339
2147	0.960544314028	1.27950329265	1.71625328529	1.12191906723	1.45934827701
2148	0.960247241893	1.27897594413	1.71631889043	1.12139446252	1.45898056113
2149	0.959953826682	1.27845580802	1.71639243842	1.12087587616	1.45862064471
2150	0.95966392056	1.27794260169	1.71647354537	1.12036307967	1.45826819782
2151	0.959377389162	1.27743606534	1.71656185772	1.11985586345	1.45792291696
2152	0.959094109249	1.27693595803	1.71665704688	1.11935403357	1.45758452045
2153	0.958813966512	1.2764420539	1.71675880401	1.11885740862	1.45725274397
2154	0.958536853877	1.27595413933	1.71686683619	1.1183658174	1.45692733728
2155	0.958262668021	1.27547200691	1.71698085808	1.117879094	1.45660805709
2156	0.957991314015	1.27499546367	1.71710060351	1.11739708443	1.45629467683
2157	0.957722705225	1.27452433096	1.7172258254	1.11691964654	1.45598698656
2158	0.957456757449	1.27405843427	1.71735628159	1.11644664168	1.45568478091
2159	0.957193389717	1.27359760468	1.71749173701	1.1159779359	1.45538786091
2160	0.956932519508	1.27314167057	1.71763195206	1.11551339316	1.45509602411
2161	0.95667406556	1.27269046255	1.71777668961	1.11505287937	1.4548090705
2162	0.956417955386	1.27224382671	1.71792573359	1.11459627308	1.45452681815
2163	0.956164123332	1.27180162124	1.71807888428	1.11414346276	1.45424909929
2164	0.955912508737	1.27136371328	1.71823595398	1.11369434416	1.45397575652
2165	0.955663054559	1.2709299765	1.71839676369	1.11324881845	1.45370664006
2166	0.95541570419	1.27050028559	1.71856113547	1.1128067876	1.45344160118
2167	0.955170406356	1.27007452487	1.71872890448	1.11236816147	1.45318050242
2168	0.954927115264	1.26965258857	1.71889991941	1.11193285795	1.45292321794
2169	0.954685784958	1.26923437095	1.71907402875	1.11150079497	1.45266962187
2170	0.954446370311	1.26881976808	1.71925108331	1.11107189194	1.45241959038
2171	0.954208822432	1.26840866981	1.71943092499	1.11064606318	1.45217299223
2172	0.953973091631	1.26800096499	1.71961339407	1.11022322219	1.45192969494
2173	0.953739135089	1.26759655488	1.71979834809	1.10980329255	1.45168958067
2174	0.953506915058	1.26719535006	1.71998565743	1.10938620534	1.45145254251
2175	0.953276397135	1.26679726739	1.72017520117	1.10897189671	1.45121848099
2176	0.953047549013	1.26640222784	1.72036686404	1.10856030612	1.45098730144
2177	0.952820337392	1.26601015106	1.72056052892	1.1081513719	1.45075890765
2178	0.952594732984	1.2656209642	1.72075608909	1.10774503843	1.45053321224
2179	0.952370710744	1.26523460228	1.72095344885	1.1073412564	1.45031013714
2180	0.952148244303	1.26485099846	1.72115250988	1.10693997498	1.45008960208
2181	0.951927307046	1.26447008594	1.72135317395	1.10654114326	1.44987152686
2182	0.951707867576	1.26409178999	1.72155533179	1.10614470386	1.44965582189
2183	0.951489892753	1.26371603329	1.72175887052	1.10575059722	1.44944239457
2184	0.951273355416	1.26334274945	1.72196369262	1.1053587726	1.44923116521
2185	0.95105823264	1.26297187998	1.72216971159	1.1049691856	1.44902206348
2186	0.950844504062	1.26260337131	1.72237684795	1.10458179574	1.44881502491
2187	0.950632150676	1.26223717273	1.72258502626	1.1041965648	1.4486099884
2188	0.950421151792	1.261873231	1.72279416768	1.10381345242	1.44840688995
2189	0.950211490076	1.26151149923	1.7230042023	1.10343242335	1.44820567304
2190	0.950003151822	1.26115193733	1.72321506986	1.10305344775	1.44800628927
2191	0.949796121422	1.26079450231	1.72342670613	1.10267649338	1.44780868682
2192	0.949590382472	1.26043915022	1.72363904571	1.10230152713	1.44761281281
2193	0.949385913271	1.26008582828	1.72385201095	1.10192850866	1.44741860392
2194	0.949182689887	1.25973448019	1.72406551944	1.10155739468	1.44722599278
2195	0.948980693905	1.25938505978	1.724279503	1.10118815007	1.44703492395
2196	0.94877991071	1.25903752792	1.72449390344	1.10082074533	1.44684535041
2197	0.948580327838	1.25869184967	1.72470866855	1.10045515431	1.44665723012
2198	0.948381933791	1.25834799216	1.7249237492	1.10009135246	1.44647052354
2199	0.948184715017	1.25800591934	1.72513909191	1.09972931257	1.44628518743
2200	0.94798866097	1.25766560081	1.72535465127	1.09936901194	1.44610118523
2201	0.947793764401	1.25732701231	1.72557039062	1.09901043279	1.44591848775
2202	0.947600015847	1.25699012609	1.72578626853	1.09865355445	1.44573706167
2203	0.947407404745	1.25665491284	1.7260022416	1.09829835487	1.44555687192
2204	0.947215914961	1.25632133384	1.7262182534	1.09794480433	1.44537787232
2205	0.947025527852	1.25598934633	1.72643424203	1.09759286976	1.44520001201
2206	0.946836230047	1.25565891715	1.72665015911	1.09724252578	1.44502325146
2207	0.946648011727	1.25533001967	1.72686596556	1.09689375228	1.44484755896
2208	0.946460864998	1.25500263099	1.72708162763	1.09654653211	1.44467290722
2209	0.946274787423	1.25467673808	1.72729712556	1.09620085606	1.44449928069
2210	0.946089776234	1.25435232765	1.72751243936	1.09585671463	1.44432666355
2211	0.945905823462	1.25402937762	1.72772753691	1.09551409114	1.44415502963
2212	0.945722920745	1.25370786549	1.72794238571	1.09517296851	1.44398435236
2213	0.945541060376	1.25338777026	1.72815695543	1.09483333078	1.44381460692
2214	0.945360235597	1.25306907283	1.72837121863	1.09449516353	1.44364577085
2215	0.945180436719	1.25275174927	1.72858514121	1.09415844831	1.44347781599
2216	0.945001655254	1.25243577805	1.72879869258	1.09382316857	1.44331071706
2217	0.944823889599	1.25212114993	1.72901185948	1.09348931771	1.44314446338
2218	0.944647141721	1.25180786222	1.72922463794	1.09315689437	1.44297905203
2219	0.944471416223	1.2514959171	1.72943703095	1.09282590106	1.4428144859
2220	0.944296719833	1.25118532071	1.72964904722	1.09249634351	1.44265077262
2221	0.944123058633	1.25087607831	1.72986069439	1.09216822664	1.44248791883
2222	0.943950437184	1.25056819274	1.73007197684	1.09184155335	1.44232592834
2223	0.943778859879	1.25026166676	1.73028289908	1.09151632645	1.44216480496
2224	0.943608331408	1.24995650391	1.73049346676	1.09119254931	1.44200455342
2225	0.943438856247	1.24965270756	1.73070368552	1.09087022509	1.4418451783
2226	0.943270433751	1.24935027231	1.73091354889	1.09054934984	1.4416866739
2227	0.943103061049	1.2490491891	1.7311230454	1.09022991654	1.44152903021
2228	0.942936737299	1.24874945261	1.73133216896	1.08991192118	1.44137224168
2229	0.942771458821	1.24845105277	1.73154090695	1.08959535583	1.44121629718
2230	0.942607216567	1.24815397027	1.73174923401	1.08928020506	1.44106117473
2231	0.942443994117	1.24785817311	1.73195710711	1.08896644304	1.44090683734
2232	0.94228176363	1.24756360945	1.73216445562	1.08865402782	1.44075322463
2233	0.94212048412	1.24727020458	1.73237117706	1.08834289885	1.44060024923
2234	0.941960102552	1.24697786289	1.73257713973	1.08803297858	1.44044779903
2235	0.941800554817	1.24668646953	1.73278218509	1.08772417378	1.44029573924
2236	0.941641766676	1.24639589205	1.73298613001	1.08741637694	1.44014391422
2237	0.941483651337	1.24610597618	1.73318876082	1.08710946281	1.43999214256
2238	0.941326115917	1.24581655711	1.73338984908	1.08680329755	1.43984023037
2239	0.941169070301	1.24552747503	1.73358917325	1.08649775137	1.43968798966
2240	0.941012427767	1.24523857622	1.73378652022	1.08619269941	1.43953523958
2241	0.940856108569	1.24494971929	1.73398169402	1.08588802682	1.43938181385
2242	0.940700044338	1.2446607829	1.73417452666	1.085583635	1.43922756988
2243	0.940544180262	1.24437166959	1.73436488345	1.08527944473	1.43907239326
2244	0.940388478918	1.24408231246	1.73455267238	1.08497540159	1.43891620571
2245	0.940232925745	1.24379268476	1.73473785755	1.08467148375	1.43875897641
2246	0.940077532709	1.24350280633	1.73492046821	1.08436770717	1.4386007296
2247	0.939922339833	1.24321274624	1.73510060249	1.08406412778	1.43844154773
2248	0.939767410977	1.24292261542	1.7352784172	1.08376083544	1.4382815628
2249	0.939612835991	1.24263257045	1.73545413307	1.08345795703	1.43812096076
2250	0.939458732812	1.24234281717	1.73562803998	1.08315565944	1.43795998593
2251	0.939305239166	1.24205359622	1.7358004767	1.08285413771	1.43779892377
2252	0.93915250555	1.24176517068	1.73597181376	1.08255360508	1.43763808644
2253	0.939000687969	1.2414778134	1.73614243566	1.08225428268	1.4374777977
2254	0.938849938184	1.24119178991	1.7363127171	1.0819563856	1.43731837279
2255	0.938700396162	1.24090734515	1.73648300443	1.0816601122	1.43716010275
2256	0.938552185524	1.24062469557	1.73665360449	1.08136563763	1.43700324503
2257	0.938405409279	1.24034402162	1.7368247742	1.08107310776	1.43684801463
2258	0.938260146102	1.24006546121	1.73699671134	1.0807826339	1.4366945764
2259	0.938116443908	1.23978909851	1.73716953883	1.08049428365	1.43654303168
2260	0.937974323003	1.2395149694	1.73734331235	1.08020808538	1.43639342488
2261	0.937833782269	1.23924307236	1.73751803541	1.07992403706	1.43624575618
2262	0.937694797719	1.23897336591	1.73769365578	1.0796421042	1.43609997859
2263	0.937557324547	1.2387057722	1.73787007047	1.07936222275	1.43595600214
2264	0.937421300484	1.23844018288	1.73804713384	1.07908430387	1.43581370082
2265	0.937286647436	1.23817646196	1.73822466161	1.07880823628	1.43567291592
2266	0.937153275318	1.23791445253	1.73840244017	1.07853389172	1.43553346402
2267	0.937021088148	1.23765398743	1.73858024148	1.07826113358	1.43539514952
2268	0.936889989063	1.23739489802	1.73875783529	1.07798982407	1.43525777504
2269	0.936759884039	1.2371370207	1.73893499828	1.07771982949	1.43512114911
2270	0.936630680767	1.23688019491	1.73911151122	1.0774510186	1.43498508385
2271	0.93650229484	1.23662427401	1.73928717421	1.07718327149	1.43484940775
2272	0.936374656773	1.23636913753	1.73946182377	1.07691648948	1.43471398019
2273	0.936247709387	1.23611468659	1.73963532651	1.07665059144	1.43457868608
2274	0.936121407002	1.2358608425	1.73980757717	1.07638551264	1.43444343412
2275	0.935995714644	1.23560754535	1.73997849665	1.07612120358	1.43430815522
2276	0.935870604672	1.23535474812	1.74014802383	1.07585762525	1.43417279548
2277	0.935746055165	1.23510241382	1.74031611159	1.07559474675	1.43403731287
2278	0.935622050517	1.23485051657	1.74048272831	1.07533254623	1.43390167845
2279	0.935498581241	1.23459904121	1.74064785735	1.07507101053	1.43376587599
2280	0.935375643003	1.23434798164	1.74081149475	1.07481013385	1.43362989995
2281	0.935253231533	1.23409733193	1.74097363678	1.07454991051	1.43349374497
2282	0.93513134565	1.23384709154	1.74113428727	1.07429033922	1.43335741209
2283	0.935009991947	1.2335972736	1.7412934692	1.07403142976	1.43322091851
2284	0.934889180636	1.23334789761	1.74145121446	1.07377319709	1.43308428895
2285	0.934768923929	1.23309898658	1.74160755989	1.07351565902	1.43294755231
2286	0.934649235032	1.23285056529	1.7417625449	1.07325883477	1.4328107396
2287	0.934530125051	1.2326026549	1.74191620382	1.07300274063	1.43267387751
2288	0.934411602026	1.23235527117	1.74206856357	1.07274738849	1.43253698644
2289	0.934293672406	1.23210842714	1.74221964723	1.07249278803	1.43240008352
2290	0.934176338741	1.23186212902	1.74236946846	1.07223894337	1.43226317788
2291	0.934059604234	1.23161638422	1.74251804255	1.0719858596	1.43212628
2292	0.933943475471	1.23137120607	1.74266539315	1.07173354661	1.43198940743
2293	0.933827957976	1.23112660609	1.74281154138	1.07148201282	1.43185257555
2294	0.93371305633	1.23088259414	1.74295650612	1.07123126529	1.43171579782
2295	0.93359877428	1.23063917868	1.74310030429	1.07098130993	1.43157908603
2296	0.933485114831	1.23039636686	1.74324295103	1.0707321516	1.43144245044
2297	0.933372080333	1.23015416474	1.74338445997	1.07048379424	1.43130590001
2298	0.933259672556	1.22991257734	1.74352484335	1.07023624099	1.43116944251
2299	0.933147892754	1.22967160883	1.74366411221	1.06998949423	1.43103308469
2300	0.933036741725	1.2294312626	1.74380227652	1.06974355575	1.43089683239
2301	0.932926219863	1.22919154134	1.74393934533	1.06949842675	1.43076069061
2302	0.932816327206	1.22895244714	1.74407532685	1.06925410793	1.43062466368
2303	0.932707063477	1.22871398154	1.74421022856	1.06901059958	1.43048875528
2304	0.932598428118	1.22847614565	1.74434405729	1.06876790157	1.43035296852
2305	0.932490420325	1.22823894011	1.74447681934	1.06852601345	1.43021730606
2306	0.932383039075	1.22800236523	1.74460852046	1.06828493445	1.4300817701
2307	0.932276283154	1.22776642098	1.74473916602	1.06804466355	1.42994636247
2308	0.932170151177	1.22753110706	1.74486876096	1.06780519951	1.42981108467
2309	0.932064641611	1.22729642291	1.74499730991	1.06756654085	1.42967593792
2310	0.931959752789	1.22706236776	1.74512481721	1.06732868594	1.42954092316
2311	0.931855482931	1.22682894065	1.74525128692	1.06709163298	1.42940604113
2312	0.931751830152	1.22659614045	1.74537672291	1.06685538004	1.42927129235
2313	0.931648792479	1.22636396588	1.74550112883	1.06661992507	1.42913667719
2314	0.931546367862	1.22613241554	1.74562450817	1.06638526591	1.42900219587
2315	0.931444554181	1.22590148792	1.74574686426	1.06615140031	1.42886784847
2316	0.931343349257	1.22567118142	1.74586820032	1.06591832593	1.42873363497
2317	0.931242750859	1.22544149433	1.74598851947	1.0656860404	1.42859955523
2318	0.931142756709	1.22521242491	1.7461078247	1.06545454124	1.42846560906
2319	0.931043364493	1.22498397133	1.74622611895	1.06522382597	1.42833179618
2320	0.930944571862	1.22475613172	1.74634340508	1.06499389203	1.42819811624
2321	0.930846376438	1.22452890416	1.7464596859	1.06476473684	1.42806456885
2322	0.930748775818	1.22430228671	1.74657496417	1.06453635779	1.42793115359
2323	0.930651767579	1.22407627738	1.74668924259	1.06430875224	1.42779786997
2324	0.930555349279	1.22385087416	1.74680252384	1.06408191753	1.4276647175
2325	0.930459518465	1.22362607503	1.7469148106	1.06385585099	1.42753169564
2326	0.930364272668	1.22340187794	1.74702610548	1.06363054993	1.42739880386
2327	0.930269609411	1.22317828083	1.7471364111	1.06340601166	1.42726604158
2328	0.93017552621	1.22295528164	1.74724573007	1.06318223345	1.42713340824
2329	0.930082020575	1.2227328783	1.74735406497	1.06295921262	1.42700090324
2330	0.929989090012	1.22251106873	1.7474614184	1.06273694644	1.426868526
2331	0.929896732023	1.22228985086	1.74756779294	1.0625154322	1.42673627592
2332	0.92980494411	1.2220692226	1.74767319116	1.06229466719	1.42660415241
2333	0.929713723775	1.22184918189	1.74777761565	1.06207464869	1.42647215487
2334	0.92962306852	1.22162972664	1.747881069	1.06185537401	1.42634028272
2335	0.929532975849	1.22141085481	1.74798355378	1.06163684043	1.42620853535
2336	0.929443443268	1.22119256431	1.7480850726	1.06141904526	1.42607691219
2337	0.929354468286	1.22097485311	1.74818562805	1.06120198581	1.42594541265
2338	0.929266048415	1.22075771914	1.74828522273	1.0609856594	1.42581403616
2339	0.929178181175	1.22054116038	1.74838385925	1.06077006334	1.42568278217
2340	0.929090864085	1.22032517479	1.74848154025	1.06055519498	1.4255516501
2341	0.929004094673	1.22010976035	1.74857826833	1.06034105165	1.4254206394
2342	0.928917870472	1.21989491505	1.74867404614	1.0601276307	1.42528974955
2343	0.928832189019	1.21968063688	1.74876887632	1.05991492949	1.42515898
2344	0.92874704786	1.21946692387	1.74886276153	1.05970294539	1.42502833024
2345	0.928662444544	1.21925377402	1.74895570443	1.05949167578	1.42489779975
2346	0.92857837663	1.21904118536	1.74904770768	1.05928111804	1.42476738802
2347	0.928494841681	1.21882915594	1.74913877398	1.05907126958	1.42463709457
2348	0.928411837268	1.21861768381	1.749228906	1.0588621278	1.42450691891
2349	0.92832936097	1.21840676703	1.74931810645	1.05865369013	1.42437686056
2350	0.928247410372	1.21819640368	1.74940637803	1.058445954	1.42424691907
2351	0.928165983066	1.21798659183	1.74949372346	1.05823891684	1.42411709398
2352	0.928085076652	1.21777732959	1.74958014546	1.05803257611	1.42398738484
2353	0.928004688739	1.21756861506	1.74966564676	1.05782692928	1.42385779123
2354	0.927924816941	1.21736044636	1.7497502301	1.05762197381	1.42372831271
2355	0.927845458882	1.21715282161	1.74983389822	1.05741770718	1.42359894887
2356	0.927766612191	1.21694573897	1.74991665389	1.0572141269	1.42346969931
2357	0.927688274508	1.21673919657	1.74999849986	1.05701123048	1.42334056363
2358	0.927610443478	1.21653319259	1.75007943889	1.05680901541	1.42321154144
2359	0.927533116756	1.21632772518	1.75015947377	1.05660747924	1.42308263237
2360	0.927456292003	1.21612279254	1.75023860728	1.05640661951	1.42295383605
2361	0.92737996689	1.21591839286	1.75031684219	1.05620643375	1.42282515212
2362	0.927304139094	1.21571452434	1.75039418131	1.05600691953	1.42269658022
2363	0.9272288063	1.2155111852	1.75047062743	1.05580807442	1.42256812003
2364	0.927153966202	1.21530837366	1.75054618335	1.05560989599	1.42243977119
2365	0.927079616502	1.21510608796	1.75062085189	1.05541238184	1.42231153339
2366	0.927005754909	1.21490432633	1.75069463585	1.05521552957	1.4221834063
2367	0.926932379141	1.21470308704	1.75076753805	1.05501933679	1.42205538963
2368	0.926859486922	1.21450236835	1.75083956132	1.05482380112	1.42192748306
2369	0.926787075987	1.21430216854	1.75091070847	1.0546289202	1.42179968631
2370	0.926715144076	1.21410248588	1.75098098235	1.05443469165	1.42167199909
2371	0.92664368894	1.21390331867	1.75105038578	1.05424111314	1.42154442111
2372	0.926572708334	1.21370466522	1.75111892159	1.05404818232	1.42141695211
2373	0.926502200024	1.21350652383	1.75118659263	1.05385589687	1.42128959182
2374	0.926432161783	1.21330889283	1.75125340173	1.05366425447	1.42116233999
2375	0.926362591392	1.21311177055	1.75131935175	1.0534732528	1.42103519635
2376	0.926293486641	1.21291515533	1.75138444552	1.05328288957	1.42090816068
2377	0.926224845325	1.21271904551	1.75144868589	1.0530931625	1.42078123273
2378	0.926156665249	1.21252343946	1.75151207572	1.05290406929	1.42065441227
2379	0.926088944227	1.21232833554	1.75157461785	1.05271560768	1.42052769908
2380	0.926021680078	1.21213373213	1.75163631515	1.0525277754	1.42040109293
2381	0.925954870631	1.21193962761	1.75169717045	1.05234057021	1.42027459361
2382	0.925888513722	1.21174602036	1.75175718663	1.05215398987	1.42014820093
2383	0.925822607194	1.2115529088	1.75181636653	1.05196803213	1.42002191467
2384	0.925757148901	1.21136029133	1.751874713	1.05178269478	1.41989573464
2385	0.925692136701	1.21116816637	1.75193222892	1.05159797559	1.41976966066
2386	0.925627568461	1.21097653235	1.75198891713	1.05141387238	1.41964369253
2387	0.925563442058	1.21078538768	1.75204478049	1.05123038293	1.41951783008
2388	0.925499755374	1.21059473083	1.75209982186	1.05104750506	1.41939207313
2389	0.925436506299	1.21040456024	1.7521540441	1.05086523659	1.41926642153
2390	0.925373692733	1.21021487435	1.75220745006	1.05068357536	1.4191408751
2391	0.92531131258	1.21002567165	1.75226004259	1.0505025192	1.41901543368
2392	0.925249363757	1.2098369506	1.75231182457	1.05032206595	1.41889009712
2393	0.925187844183	1.20964870968	1.75236279883	1.05014221349	1.41876486528
2394	0.925126751788	1.20946094738	1.75241296823	1.04996295966	1.41863973801
2395	0.925066084509	1.20927366219	1.75246233563	1.04978430235	1.41851471517
2396	0.925005840292	1.20908685262	1.75251090387	1.04960623943	1.41838979662
2397	0.924946017087	1.20890051717	1.75255867581	1.04942876881	1.41826498223
2398	0.924886612855	1.20871465437	1.7526056543	1.04925188837	1.41814027188
2399	0.924827625564	1.20852926274	1.75265184217	1.04907559602	1.41801566545
2400	0.924769053188	1.2083443408	1.75269724228	1.04889988969	1.41789116282
2401	0.92471089371	1.20815988711	1.75274185746	1.0487247673	1.41776676387
2402	0.92465314512	1.20797590019	1.75278569056	1.04855022677	1.41764246849
2403	0.924595805417	1.20779237861	1.75282874442	1.04837626606	1.41751827658
2404	0.924538872605	1.20760932093	1.75287102187	1.0482028831	1.41739418803
2405	0.924482344697	1.2074267257	1.75291252575	1.04803007586	1.41727020275
2406	0.924426219713	1.20724459151	1.75295325889	1.04785784231	1.41714632064
2407	0.924370495682	1.20706291693	1.75299322411	1.04768618041	1.41702254161
2408	0.924315170639	1.20688170055	1.75303242425	1.04751508815	1.41689886558
2409	0.924260242625	1.20670094097	1.75307086212	1.04734456352	1.41677529245
2410	0.924205709693	1.20652063677	1.75310854054	1.04717460451	1.41665182215
2411	0.924151569898	1.20634078657	1.75314546235	1.04700520914	1.4165284546
2412	0.924097821306	1.20616138897	1.75318163034	1.04683637541	1.41640518973
2413	0.924044461989	1.20598244261	1.75321704733	1.04666810134	1.41628202746
2414	0.923991490027	1.2058039461	1.75325171612	1.04650038497	1.41615896773
2415	0.923938903507	1.20562589806	1.75328563953	1.04633322433	1.41603601046
2416	0.923886700524	1.20544829715	1.75331882035	1.04616661747	1.41591315561
2417	0.923834879178	1.20527114201	1.75335126139	1.04600056243	1.41579040311
2418	0.92378343758	1.20509443127	1.75338296543	1.04583505728	1.41566775291
2419	0.923732373846	1.20491816361	1.75341393526	1.04567010008	1.41554520495
2420	0.923681686098	1.20474233768	1.75344417368	1.04550568891	1.41542275918
2421	0.923631372469	1.20456695214	1.75347368347	1.04534182185	1.41530041555
2422	0.923581431095	1.20439200568	1.7535024674	1.04517849699	1.41517817403
2423	0.923531860123	1.20421749697	1.75353052825	1.04501571243	1.41505603456
2424	0.923482657705	1.20404342469	1.75355786879	1.04485346627	1.41493399711
2425	0.923433822	1.20386978754	1.75358449179	1.04469175662	1.41481206164
2426	0.923385351176	1.20369658422	1.75361040002	1.0445305816	1.41469022811
2427	0.923337243406	1.20352381342	1.75363559622	1.04436993934	1.41456849651
2428	0.923289496871	1.20335147386	1.75366008317	1.04420982797	1.41444686678
2429	0.92324210976	1.20317956425	1.75368386359	1.04405024564	1.41432533891
2430	0.923195080269	1.20300808331	1.75370694026	1.04389119049	1.41420391288
2431	0.923148406599	1.20283702976	1.75372931589	1.04373266067	1.41408258865
2432	0.92310208696	1.20266640233	1.75375099324	1.04357465434	1.41396136622
2433	0.923056119569	1.20249619977	1.75377197503	1.04341716969	1.41384024555
2434	0.92301050265	1.2023264208	1.75379226399	1.04326020487	1.41371922664
2435	0.922965234432	1.20215706419	1.75381186285	1.04310375809	1.41359830946
2436	0.922920313154	1.20198812867	1.75383077433	1.04294782751	1.41347749402
2437	0.92287573706	1.20181961302	1.75384900113	1.04279241135	1.41335678029
2438	0.922831504402	1.20165151598	1.75386654598	1.04263750781	1.41323616828
2439	0.922787613438	1.20148383633	1.75388341156	1.0424831151	1.41311565796
2440	0.922744062434	1.20131657284	1.75389960059	1.04232923143	1.41299524935
2441	0.922700849661	1.2011497243	1.75391511576	1.04217585503	1.41287494243
2442	0.9226579734	1.20098328947	1.75392995976	1.04202298412	1.41275473721
2443	0.922615431936	1.20081726716	1.75394413527	1.04187061696	1.41263463369
2444	0.922573223563	1.20065165615	1.75395764497	1.04171875178	1.41251463186
2445	0.92253134658	1.20048645525	1.75397049154	1.04156738684	1.41239473175
2446	0.922489799294	1.20032166325	1.75398267765	1.04141652039	1.41227493334
2447	0.922448580017	1.20015727898	1.75399420596	1.04126615069	1.41215523665
2448	0.922407687072	1.19999330123	1.75400507914	1.04111627603	1.41203564169
2449	0.922367118783	1.19982972882	1.75401529983	1.04096689466	1.41191614848
2450	0.922326873486	1.19966656059	1.75402487069	1.04081800489	1.41179675701
2451	0.922286949521	1.19950379536	1.75403379436	1.040669605	1.41167746731
2452	0.922247345234	1.19934143197	1.75404207349	1.04052169329	1.4115582794
2453	0.92220805898	1.19917946924	1.75404971069	1.04037426805	1.41143919329
2454	0.922169089119	1.19901790602	1.75405670861	1.04022732761	1.41132020899
2455	0.922130434019	1.19885674117	1.75406306986	1.04008087028	1.41120132654
2456	0.922092092053	1.19869597352	1.75406879706	1.03993489437	1.41108254594
2457	0.922054061602	1.19853560195	1.75407389282	1.03978939823	1.41096386723
2458	0.922016341053	1.1983756253	1.75407835976	1.03964438018	1.41084529042
2459	0.9219789288	1.19821604245	1.75408220047	1.03949983856	1.41072681555
2460	0.921941823242	1.19805685226	1.75408541754	1.03935577173	1.41060844264
2461	0.921905022787	1.19789805361	1.75408801357	1.03921217803	1.41049017172
2462	0.921868525849	1.19773964538	1.75408999114	1.03906905584	1.41037200281
2463	0.921832330846	1.19758162645	1.75409135284	1.03892640351	1.41025393595
2464	0.921796436205	1.19742399571	1.75409210123	1.03878421941	1.41013597116
2465	0.92176084036	1.19726675206	1.75409223888	1.03864250193	1.41001810849
2466	0.921725541748	1.19710989438	1.75409176835	1.03850124945	1.40990034796
2467	0.921690538817	1.19695342159	1.75409069221	1.03836046036	1.40978268962
2468	0.921655830019	1.19679733259	1.754089013	1.03822013305	1.40966513348
2469	0.921621413811	1.19664162628	1.75408673326	1.03808026594	1.4095476796
2470	0.921587288659	1.19648630158	1.75408385554	1.03794085742	1.40943032801
2471	0.921553453034	1.19633135741	1.75408038237	1.03780190592	1.40931307875
2472	0.921519905414	1.1961767927	1.75407631628	1.03766340985	1.40919593185
2473	0.921486644282	1.19602260636	1.75407165979	1.03752536764	1.40907888736
2474	0.92145366813	1.19586879734	1.75406641542	1.03738777772	1.40896194533
2475	0.921420975453	1.19571536456	1.75406058568	1.03725063853	1.40884510579
2476	0.921388564755	1.19556230697	1.75405417306	1.03711394851	1.40872836878
2477	0.921356434545	1.1954096235	1.75404718008	1.03697770612	1.40861173436
2478	0.921324583338	1.19525731311	1.75403960923	1.03684190981	1.40849520256
2479	0.921293009656	1.19510537475	1.75403146299	1.03670655803	1.40837877344
2480	0.921261712026	1.19495380738	1.75402274385	1.03657164927	1.40826244703
2481	0.921230688983	1.19480260995	1.75401345427	1.03643718198	1.40814622339
2482	0.921199939066	1.19465178142	1.75400359674	1.03630315465	1.40803010257
2483	0.921169460823	1.19450132077	1.75399317371	1.03616956576	1.40791408461
2484	0.921139252805	1.19435122697	1.75398218764	1.0360364138	1.40779816956
2485	0.921109313571	1.19420149899	1.75397064099	1.03590369726	1.40768235748
2486	0.921079641686	1.19405213581	1.75395853619	1.03577141466	1.40756664841
2487	0.92105023572	1.19390313642	1.7539458757	1.03563956448	1.40745104241
2488	0.92102109425	1.1937544998	1.75393266195	1.03550814525	1.40733553952
2489	0.92099221586	1.19360622494	1.75391889736	1.03537715548	1.40722013981
2490	0.920963599137	1.19345831084	1.75390458436	1.0352465937	1.40710484333
2491	0.920935242677	1.1933107565	1.75388972536	1.03511645842	1.40698965013
2492	0.92090714508	1.19316356091	1.75387432277	1.03498674819	1.40687456026
2493	0.920879304954	1.19301672309	1.75385837901	1.03485746155	1.40675957378
2494	0.92085172091	1.19287024205	1.75384189646	1.03472859704	1.40664469074
2495	0.920824391568	1.19272411679	1.75382487752	1.0346001532	1.40652991121
2496	0.920797315552	1.19257834634	1.75380732458	1.0344721286	1.40641523524
2497	0.920770491493	1.19243292972	1.75378924001	1.03434452179	1.40630066289
2498	0.920743918026	1.19228786595	1.7537706262	1.03421733134	1.40618619421
2499	0.920717593795	1.19214315405	1.75375148551	1.03409055582	1.40607182926
2500	0.920691517447	1.19199879307	1.7537318203	1.0339641938	1.40595756811
