Year	0_temp	1_temp	2_temp	3_temp	4_temp
1765	-0.121556571481	-0.158229344107	-0.200535811042	-0.141380090688	-0.175998462417
1766	-0.117248181266	-0.150919509167	-0.190470519031	-0.135356921262	-0.167493553571
1767	-0.10864270994	-0.136284428893	-0.17032079689	-0.123320510154	-0.150432124819
1768	-0.101704068427	-0.124524470009	-0.154170310194	-0.113647839635	-0.136720004067
1769	-0.0973837596638	-0.117341245535	-0.144374875975	-0.10770071619	-0.128389708916
1770	-0.0935694887423	-0.111046007059	-0.135785636116	-0.102478893951	-0.121087041595
1771	-0.0884660300337	-0.102504529728	-0.124023298738	-0.0954359082221	-0.111110134064
1772	-0.0828716938696	-0.0931149224115	-0.111042409658	-0.0877070790857	-0.100114034208
1773	-0.077589918921	-0.0842752337879	-0.0988028073801	-0.0804285833986	-0.089754439164
1774	-0.0728270012002	-0.0763457711473	-0.0878109762808	-0.0738928300936	-0.0804595514272
1775	-0.0685968437561	-0.0693499571933	-0.0781026230233	-0.0681185305081	-0.0722591967687
1776	-0.0646783124389	-0.0628997837035	-0.0691382142495	-0.062790228207	-0.0646967146489
1777	-0.0608418648394	-0.0565924224328	-0.060356904502	-0.0575805648207	-0.057297360289
1778	-0.0570473366124	-0.0503563372194	-0.05166029233	-0.0524314538405	-0.0499771499101
1779	-0.0534963180521	-0.0445431913098	-0.0435411807834	-0.0476285894633	-0.0431517253243
1780	-0.0503076034406	-0.0393595471738	-0.0362898260363	-0.043339889659	-0.0370650481179
1781	-0.0474673443256	-0.0347889798047	-0.0298800702833	-0.0395510414814	-0.0316967258211
1782	-0.0457853146275	-0.0322486577877	-0.0262935877094	-0.0374125928282	-0.028722148678
1783	-0.0474823857264	-0.0356194758197	-0.0309606544272	-0.040076080075	-0.0327303356239
1784	-0.0514836591745	-0.0430189114085	-0.0412580192902	-0.0460121265818	-0.0414989241101
1785	-0.0529233905679	-0.04592387946	-0.04528183056	-0.0482999811371	-0.0449569450381
1786	-0.050841330986	-0.0426537587188	-0.0406792496809	-0.0455749356608	-0.0411181417114
1787	-0.0474744033805	-0.037128313742	-0.032921318408	-0.0410196544816	-0.034614028082
1788	-0.0442021909832	-0.0317644571758	-0.0253842679348	-0.0365966039868	-0.0283002917581
1789	-0.0447435112275	-0.0330768903636	-0.0271727651835	-0.0375950123664	-0.0298763974957
1790	-0.0501997148246	-0.0429946275602	-0.0409915634679	-0.0455804289491	-0.041623903415
1791	-0.0539395331789	-0.0499099576091	-0.0506282586967	-0.0511265596247	-0.0498255337378
1792	-0.0528674175126	-0.048400353142	-0.0485039244861	-0.0498307452142	-0.0480726704802
1793	-0.0496738828797	-0.0431704684936	-0.0411884595045	-0.0455142533128	-0.0419247976998
1794	-0.0465578463582	-0.0380732189772	-0.0340620487451	-0.0413054812568	-0.0359343174452
1795	-0.0445423693685	-0.0349012130361	-0.0296303151723	-0.0386597744099	-0.0322197344196
1796	-0.0428715011002	-0.0323304165022	-0.0260458807321	-0.0365019062786	-0.0292167540463
1797	-0.0406147325095	-0.0287403640885	-0.0210406231853	-0.0335149583867	-0.025009605778
1798	-0.037957602103	-0.0244554489289	-0.0150671786132	-0.0299624302861	-0.0199816673396
1799	-0.0353235878386	-0.0202075610329	-0.00915262364201	-0.0264397978658	-0.0149987873502
1800	-0.03273145534	-0.0160392070588	-0.00335162532805	-0.0229804091615	-0.0101102816141
1801	-0.0301348901533	-0.0118689267179	0.00244875435193	-0.0195180558471	-0.0052202112272
1802	-0.0277695333838	-0.00811867130642	0.00766271183613	-0.0163940738242	-0.000826775956669
1803	-0.0257130994637	-0.00491422109143	0.0121079781797	-0.0137116770819	0.0029199064542
1804	-0.0238073648941	-0.00195978359556	0.0161873600412	-0.0112328404132	0.00636725843565
1805	-0.0220276015455	0.000776922237772	0.019951354248	-0.00892997978085	0.0095543589157
1806	-0.0204397121691	0.0031706289103	0.0232299902607	-0.00690355538758	0.0123339295058
1807	-0.0190245231491	0.00525563073981	0.0260709958177	-0.00512581041262	0.0147463867634
1808	-0.0340081648206	-0.0213838681657	-0.0112338459359	-0.0266685369915	-0.0167937386077
1809	-0.0852266845153	-0.111495473973	-0.137266950727	-0.0997409320872	-0.123362004669
1810	-0.1440398309	-0.21490064894	-0.281987629193	-0.183598656949	-0.245669967903
1811	-0.169862432434	-0.260509496419	-0.346073248879	-0.220521758762	-0.299701677036
1812	-0.170418202767	-0.261858215777	-0.348368783021	-0.221504065595	-0.301443005809
1813	-0.164369750068	-0.251634384817	-0.334501962816	-0.213089331691	-0.28951452898
1814	-0.176465042395	-0.273193699569	-0.365039206056	-0.230478944793	-0.315151660866
1815	-0.236086329494	-0.378017059682	-0.511943552387	-0.315466079669	-0.439205590167
1816	-0.305940037309	-0.50077410136	-0.684022778352	-0.415001871178	-0.584484315951
1817	-0.329107458918	-0.541749947007	-0.741969192429	-0.44812670452	-0.633144999239
1818	-0.312003963464	-0.512180263536	-0.701390805528	-0.423969736966	-0.598455028184
1819	-0.281662295703	-0.459416353501	-0.628375182434	-0.380982918224	-0.536356908551
1820	-0.250331481811	-0.404915927486	-0.552881034135	-0.336591055274	-0.472192558098
1821	-0.222166785838	-0.355957490879	-0.485078148635	-0.296704441938	-0.414557198622
1822	-0.197070714251	-0.312378907097	-0.42474229643	-0.261190071582	-0.363258469737
1823	-0.174689726734	-0.273569051016	-0.371021522798	-0.229550241283	-0.317575828653
1824	-0.154676679117	-0.238909762566	-0.323062563411	-0.201283701607	-0.276782663444
1825	-0.136712356364	-0.207841742292	-0.280088527235	-0.175935845614	-0.240220713724
1826	-0.120525518712	-0.17988973046	-0.241439277688	-0.153120380966	-0.207330573908
1827	-0.10590683985	-0.154686787234	-0.206605549606	-0.132539054276	-0.177680400631
1828	-0.0928688196043	-0.132254685622	-0.175620741776	-0.114209224502	-0.151297437828
1829	-0.0823004226361	-0.114142073681	-0.15065610561	-0.0993889176712	-0.130014273368
1830	-0.0800281773843	-0.110608219294	-0.146024127479	-0.0964008394072	-0.125952794274
1831	-0.0906539240117	-0.129695839362	-0.172986827933	-0.11177712275	-0.148621343299
1832	-0.103173739398	-0.152062581373	-0.204573945771	-0.129822197189	-0.175165268075
1833	-0.1043892843	-0.154608801028	-0.208501826744	-0.131777784439	-0.178283366342
1834	-0.110783474937	-0.166220677398	-0.22510599422	-0.141094337248	-0.192115542888
1835	-0.137502976303	-0.213435563952	-0.291474885596	-0.179315706212	-0.248030514606
1836	-0.15955168947	-0.252496470219	-0.346491892875	-0.210908749771	-0.294320173108
1837	-0.159133709923	-0.252216385355	-0.346578620555	-0.210555102677	-0.294123999458
1838	-0.145840855617	-0.229381444934	-0.315157126387	-0.1918865919	-0.267278447624
1839	-0.129677663182	-0.201535387435	-0.276708475698	-0.169144850155	-0.234516672824
1840	-0.115452560712	-0.177105701102	-0.243000873459	-0.149173580034	-0.205794584836
1841	-0.103078686866	-0.155938213901	-0.213825062583	-0.131847561936	-0.180930657145
1842	-0.0916755213881	-0.136493337333	-0.187034785747	-0.115914761709	-0.158108541452
1843	-0.0822126336918	-0.120466750613	-0.16500366358	-0.102752715968	-0.139330881966
1844	-0.0740522700821	-0.106738570007	-0.14617079394	-0.0914526025059	-0.123273571706
1845	-0.0654805202815	-0.0923304297241	-0.126361949143	-0.079592783785	-0.106415206361
1846	-0.0565143667963	-0.077244642462	-0.105588399643	-0.0671809991222	-0.0887544944531
1847	-0.0477592456309	-0.0625256138481	-0.0853131290823	-0.055069197417	-0.0715215317322
1848	-0.0394801021377	-0.0486493395163	-0.0661953895422	-0.0436410708854	-0.0552802817741
1849	-0.0325195044091	-0.0370882597554	-0.0502941287573	-0.0340933948201	-0.0417691592851
1850	-0.0271647259751	-0.0283627921867	-0.038331544266	-0.0268475264886	-0.0315995741068
1851	-0.0222992870745	-0.0204993006365	-0.0275875178148	-0.0202992234158	-0.022451031514
1852	-0.0175355475127	-0.0128570643543	-0.0170699044514	-0.0139344369544	-0.0135350468056
1853	-0.0129890683571	-0.0056384469393	-0.00704974703279	-0.00791837005479	-0.00508862169893
1854	-0.00872359657435	0.00105042222728	0.00223387242055	-0.00232570341857	0.00273054293056
1855	-0.00926679816798	-0.000709722468748	-0.000280265464084	-0.00358949493456	0.00056575079666
1856	-0.0248286797683	-0.0287699070339	-0.0395499113367	-0.0262078884624	-0.0326833923435
1857	-0.0467973304651	-0.0680464513325	-0.0945247776337	-0.0579320868071	-0.0791962961218
1858	-0.0554716129716	-0.0840004239057	-0.116971232261	-0.0707209835886	-0.0981608580674
1859	-0.0519207251635	-0.0785363099151	-0.109507219244	-0.0661194330509	-0.0918181840728
1860	-0.0445927787152	-0.0665826580922	-0.0929011737185	-0.0562356223334	-0.0777897956362
1861	-0.0386463307401	-0.0572401074767	-0.0798197370009	-0.0484521700011	-0.0668201451712
1862	-0.036128144924	-0.0538483985063	-0.075148824113	-0.0454991003789	-0.0629088080295
1863	-0.0333158903178	-0.0498380405271	-0.0697522279508	-0.0420458701305	-0.0583029056853
1864	-0.02803221368	-0.0415004966964	-0.0583037470123	-0.0350792826234	-0.0485819342478
1865	-0.0217739812089	-0.0314887445815	-0.0444974123136	-0.0267504835883	-0.0368764372602
1866	-0.0156281490605	-0.0217861457432	-0.0310609754486	-0.0186609571247	-0.0255207338171
1867	-0.00984582694968	-0.0128284736344	-0.0185994082393	-0.0111649959117	-0.0150299512256
1868	-0.00432174778365	-0.00431168285991	-0.00675409170287	-0.00402839790549	-0.00506096318903
1869	0.000875142135338	0.00372954369849	0.00438139421631	0.0027107704606	0.00433521678404
1870	0.00580925790969	0.0113670532905	0.0149240841366	0.00911554529629	0.0132476253039
1871	0.0102455134512	0.0180244762302	0.0241948734315	0.0147329877041	0.0210235865788
1872	0.0133304746817	0.0220651442078	0.0301017231062	0.0182358257911	0.02578266994
1873	0.0151749081448	0.0237569862242	0.0329362589088	0.0198384740954	0.0278192408147
1874	0.0169998881942	0.0254670302395	0.0357605537727	0.0214526576318	0.0298636242628
1875	0.0184472951395	0.0266235431638	0.0377371748802	0.0226083299824	0.0312323014308
1876	0.0185439483602	0.0255251467378	0.0364955452882	0.0219225303036	0.0299172484887
1877	0.0188243845788	0.0249277735295	0.0358538629837	0.0216250585414	0.0291681808212
1878	0.0204729970845	0.0268359200466	0.03864386696	0.0233518671669	0.0313609908287
1879	0.0229799630356	0.0302249745809	0.0435050973585	0.0262862697514	0.0352995099345
1880	0.0259885119491	0.034294498076	0.0494019887388	0.029800940939	0.0400516834375
1881	0.0292932320622	0.0388104025172	0.0559762752082	0.0336858696678	0.0453410362956
1882	0.0290328290862	0.0371572876721	0.0538355117491	0.0325598134929	0.0433143775837
1883	-0.00118243014824	-0.0169846422661	-0.0217374083605	-0.0111685878	-0.0207764882939
1884	-0.0522489171431	-0.107619321033	-0.148390196619	-0.0845244849746	-0.128015772049
1885	-0.0777339416512	-0.153317550365	-0.212419430121	-0.121405169294	-0.182177729044
1886	-0.0837886796502	-0.164892557642	-0.228865096833	-0.130587416706	-0.196033825935
1887	-0.0848469239671	-0.167727723008	-0.233114554757	-0.132670292735	-0.199566368355
1888	-0.0821155136779	-0.164066665818	-0.228229572908	-0.129461918752	-0.195406156591
1889	-0.0817845783707	-0.164645197753	-0.229262982566	-0.129691449102	-0.196251482308
1890	-0.0830168482392	-0.167959883935	-0.23413988359	-0.132142477219	-0.200329396457
1891	-0.0814606569946	-0.16648043362	-0.232303730712	-0.130688711511	-0.198734884617
1892	-0.0739448859696	-0.15459163708	-0.215922119779	-0.12077927788	-0.184835551271
1893	-0.062060813092	-0.135040529602	-0.188823955862	-0.104653135869	-0.161872613634
1894	-0.047710393019	-0.111153570114	-0.155633885	-0.0850148132953	-0.133769725577
1895	-0.0352933401119	-0.0906776499861	-0.127159650926	-0.0681478145636	-0.109682289041
1896	-0.0292340599847	-0.0813448475639	-0.114251045203	-0.0603273694049	-0.0987628872997
1897	-0.0265921865296	-0.0779682646742	-0.109686717574	-0.0573452890564	-0.0948887790726
1898	-0.0207491539009	-0.0689832071978	-0.0973005067707	-0.0498059196952	-0.0843965687204
1899	-0.0116671157752	-0.0543644576737	-0.0770364093943	-0.0376826741577	-0.0672559515555
1900	-0.00173739542141	-0.0383082561137	-0.0547598251827	-0.0243818456753	-0.04842543938
1901	0.00684588357548	-0.0246356600329	-0.0357568928867	-0.0130168891045	-0.0324011478357
1902	-0.000191142612317	-0.0383620781566	-0.0549976995201	-0.023893657823	-0.0487542896896
1903	-0.019039640399	-0.0728691285527	-0.103304702436	-0.0516223992992	-0.0896833814753
1904	-0.0255254444879	-0.0857816120293	-0.121478486919	-0.0618027825046	-0.105107001621
1905	-0.0190453580443	-0.0760290722869	-0.108007133631	-0.053566926705	-0.093761910991
1906	-0.00973453602651	-0.0614015944268	-0.0876942757781	-0.0413582647337	-0.0766592283729
1907	-0.00198571889612	-0.0496033302014	-0.071317641397	-0.0314307827885	-0.0629024598343
1908	0.00565855844515	-0.0379638376335	-0.0552457168849	-0.021626431768	-0.049356604426
1909	0.0150024117784	-0.0232800557952	-0.0350268912165	-0.00934901473336	-0.0322414311849
1910	0.0246456924782	-0.00810759554743	-0.0141621898494	0.00333686448277	-0.0145615579875
1911	0.0337285240834	0.00606638186929	0.00520845478534	0.0152272054678	0.00190849143112
1912	0.034166824973	0.00510143369767	0.00327351448974	0.0148439960369	0.000440581302796
1913	0.0314641652509	-0.00139883321824	-0.00651359083695	0.00998619714455	-0.00760502710646
1914	0.0368026895132	0.0062555997685	0.0033459469266	0.0166225859983	0.00104593877387
1915	0.0458689642462	0.0205577410653	0.0223821721997	0.0286480678998	0.017527289648
1916	0.0556140384136	0.0360307680025	0.0430344502302	0.0416307062074	0.0353841800776
1917	0.0651151135365	0.0510225265315	0.0630319234312	0.0542309424622	0.0526737336921
1918	0.0740964052563	0.0651025817981	0.0812602574701	0.0660925408199	0.0688825621827
1919	0.0820766392023	0.0775552929961	0.0971224395283	0.076617935007	0.0831551954085
1920	0.0865494929932	0.083893969963	0.104476598896	0.0821758399493	0.0901988140709
1921	0.0902544246551	0.0889700038848	0.110139519364	0.0866912348786	0.095761416566
1922	0.0967346537543	0.0990062191313	0.122777782182	0.0952173132016	0.107188321889
1923	0.103448553023	0.10923285352	0.1358096829	0.103927832118	0.118852196936
1924	0.109418898385	0.118012390954	0.146923095913	0.111483246473	0.128813722853
1925	0.115432335923	0.126870474401	0.158152371709	0.119105753254	0.138858344514
1926	0.121746826217	0.136253176866	0.170136957199	0.127156494038	0.149517847645
1927	0.127806770363	0.145165028031	0.18153917623	0.134823222963	0.159635249048
1928	0.131901316396	0.150605056559	0.188162991712	0.1396711286	0.165661494502
1929	0.134246044865	0.152946363874	0.190477557799	0.142009178245	0.16802352604
1930	0.137590905426	0.157083757791	0.195300623582	0.145800105339	0.172503723425
1931	0.141815570856	0.162937536647	0.202469647612	0.150960394331	0.179003236765
1932	0.144932609782	0.167012071107	0.207107366049	0.154654310887	0.183390455768
1933	0.148413494623	0.171759743215	0.212672084888	0.158890859307	0.188568455165
1934	0.153322826311	0.178938819869	0.22167235257	0.165111394628	0.196623390971
1935	0.158715093676	0.186909367446	0.231806866913	0.171981876272	0.205617439459
1936	0.164607871125	0.195717424538	0.243176376611	0.179532890107	0.215616235106
1937	0.170218519309	0.204006526803	0.253857190282	0.186663027102	0.225010565004
1938	0.175045567745	0.211048409994	0.262756301909	0.192763695372	0.232923081972
1939	0.179661541525	0.217814168395	0.271263271382	0.198624247138	0.240512384075
1940	0.184539830884	0.224947327122	0.280343072617	0.204793653549	0.248546627758
1941	0.189174192929	0.231550901528	0.288756878401	0.210542732829	0.255971957433
1942	0.192481661688	0.235782864522	0.293934668998	0.214365766673	0.260614798502
1943	0.195231123395	0.238985125049	0.297691724062	0.217360072109	0.264042960113
1944	0.198663122578	0.24328553387	0.302983010181	0.221264432828	0.268761117323
1945	0.202529671768	0.248275876823	0.309214288745	0.22574497839	0.274282426488
1946	0.206599660252	0.253567235121	0.315932552932	0.230471797783	0.28017700831
1947	0.210272431233	0.258002406859	0.3215668689	0.234518244816	0.285086520311
1948	0.213763705403	0.261891209166	0.326475414298	0.238158339632	0.289346662788
1949	0.216779666942	0.2648181743	0.329997644918	0.24104614448	0.29244799795
1950	0.219377922776	0.266856762515	0.332237600062	0.24324678324	0.294474566645
1951	0.221455073177	0.267901670101	0.333354600677	0.244621328193	0.295409180582
1952	0.222885493489	0.267793880643	0.333115224419	0.245031302292	0.29506305844
1953	0.224135511728	0.267176720282	0.33207790938	0.245073861131	0.294074081737
1954	0.225875844305	0.2672200557	0.331870427545	0.245701428735	0.293820605596
1955	0.228945327207	0.269432600508	0.334639696544	0.248126262966	0.296102805612
1956	0.233192867939	0.273543464831	0.340017369701	0.252128964803	0.300601753839
1957	0.238335865401	0.279040250022	0.347260066847	0.257299624944	0.306703302692
1958	0.243735201026	0.284845687252	0.354811795951	0.26276308708	0.31311837844
1959	0.249070431442	0.290375780372	0.361691565477	0.268069811551	0.319102720791
1960	0.252043049381	0.2915704415	0.362197598573	0.269934395115	0.319843683179
1961	0.251879138343	0.287137770468	0.354845204031	0.267254085503	0.313926857774
1962	0.249487272439	0.278657560661	0.341875460839	0.261309530534	0.303228125356
1963	0.232031842624	0.243630726323	0.291647817005	0.233861039595	0.261090347889
1964	0.205412417593	0.192406506265	0.218602011921	0.193311209824	0.199737797396
1965	0.193498118868	0.166794699063	0.181076941489	0.173614991082	0.168562243047
1966	0.197008454211	0.168053211213	0.180837538493	0.175794965209	0.169050219229
1967	0.205791237873	0.178357143716	0.193029571721	0.185378949012	0.180151581978
1968	0.208384819434	0.177615662111	0.189568564516	0.186060872145	0.178111514409
1969	0.20975036676	0.174596357692	0.182629442524	0.184953723232	0.173274981834
1970	0.22052243549	0.188049700742	0.198355690316	0.197265764233	0.18779121296
1971	0.237239976899	0.211793331252	0.228024481338	0.218009375885	0.214320150993
1972	0.255014247421	0.236999082062	0.259368443341	0.24006098689	0.242425952744
1973	0.270745747297	0.258287841997	0.285050474894	0.259020309584	0.26581684954
1974	0.281043990575	0.269830837564	0.297027673041	0.270120695592	0.277643428283
1975	0.28810619441	0.275461303539	0.300603359665	0.276481774577	0.282421586853
1976	0.299966489379	0.289330719737	0.315656289705	0.289568126662	0.296911973075
1977	0.317466098762	0.312944070092	0.344283271355	0.310596163368	0.322896931254
1978	0.33461347201	0.335813398962	0.371690984702	0.331068076779	0.347932379244
1979	0.351785142863	0.35867785724	0.398909230186	0.351567438802	0.372900742511
1980	0.370868548137	0.384709361087	0.430469877557	0.374683148248	0.401570224586
1981	0.386884437781	0.405239182068	0.454399770065	0.393346428704	0.423750489426
1982	0.379511027033	0.38497369136	0.421633812239	0.378815862536	0.397825664973
1983	0.364299368917	0.351133530181	0.370100254622	0.353207248131	0.355936336368
1984	0.370394130905	0.354706481329	0.370849465332	0.357955806031	0.358273623426
1985	0.386925761912	0.376689089698	0.397315022324	0.377626717268	0.382379647556
1986	0.405061367108	0.401611989236	0.427945299482	0.399654618001	0.40998595105
1987	0.424052678097	0.428117976162	0.460840771627	0.422945193819	0.439488408308
1988	0.444649559969	0.45747835774	0.49769853348	0.448550691089	0.47235514202
1989	0.466070739271	0.488376362097	0.536634489203	0.475394890371	0.507025515393
1990	0.486667846988	0.518040237618	0.573887198475	0.501193452536	0.54026269465
1991	0.474452363408	0.490683744531	0.531794097113	0.480569296924	0.506248578986
1992	0.443912615763	0.43169651486	0.445864225825	0.434129884788	0.434999895112
1993	0.441767421278	0.422887694312	0.43018677686	0.428326393853	0.423139853266
1994	0.458791452917	0.448166064574	0.462337424809	0.450079819573	0.451665417794
1995	0.481280520366	0.48347879395	0.508644295955	0.479878526946	0.492127916114
1996	0.504645165732	0.520710415925	0.557777892022	0.511148221212	0.534928498676
1997	0.527704951441	0.557474596418	0.606467169885	0.541999363784	0.577251917643
1998	0.551048202413	0.594552306748	0.655780729176	0.57311767104	0.619989961581
1999	0.574540292304	0.631784400247	0.705445450654	0.604363298439	0.662949941221
2000	0.5970860265	0.667342828047	0.75305459232	0.634218164718	0.704020431575
2001	0.618197523755	0.700507107027	0.797581261874	0.662072924987	0.742358190971
2002	0.638062671101	0.731679616845	0.839440246516	0.688262818371	0.778387891879
2003	0.656730228469	0.760877119709	0.878597100957	0.712819083664	0.812112234864
2004	0.674273261002	0.788242061075	0.915319980311	0.73584795028	0.843717406164
2005	0.689317162643	0.811465511061	0.946339004542	0.755459191057	0.870473928183
2006	0.700117186175	0.827629646734	0.967497380029	0.769271043149	0.888909428749
2007	0.708902137649	0.840663819002	0.984199402862	0.780476960351	0.90364896241
2008	0.718242144173	0.854994880027	1.0026149394	0.792689824889	0.919907172327
2009	0.728588381091	0.871345065456	1.02370173318	0.806512612784	0.938523123144
2010	0.740265711329	0.890169795681	1.04814524676	0.822332818152	0.960036031172
2011	0.752619968381	0.910165794427	1.07417249618	0.83911227252	0.982918364334
2012	0.765297477713	0.930614190598	1.1007957664	0.856286580616	1.0063113894
2013	0.778120157308	0.951184306781	1.12749252887	0.873595331515	1.02981105545
2014	0.790868869981	0.971497611512	1.15375670365	0.89073043748	1.05296972664
2015	0.803608290119	0.991668119142	1.17971447362	0.907785296448	1.07591963275
2016	0.81686630013	1.01262197808	1.20667962823	0.925512319011	1.09975355697
2017	0.830562866241	1.03422112597	1.23442995813	0.943799408959	1.12430745086
2018	0.844692041264	1.05645817008	1.26298073353	0.962640163586	1.14957240442
2019	0.859222579818	1.07929081795	1.29227070008	0.981997403325	1.17549972276
2020	0.874128808965	1.10271415733	1.32229456902	1.00185891729	1.20208765267
2021	0.88916044197	1.12667186368	1.35352367322	1.0220378632	1.22947725971
2022	0.904339394525	1.15118618548	1.38595442387	1.04255929177	1.25768288901
2023	0.919500195966	1.17595378104	1.41913366685	1.06318275466	1.28633604874
2024	0.934406479808	1.20054723146	1.45243706508	1.08356686558	1.31492222357
2025	0.948756071922	1.22442304106	1.4850789965	1.10327613425	1.34278983368
2026	0.962419207576	1.24733879542	1.51669483924	1.12211973451	1.36964310101
2027	0.975484520542	1.26943378971	1.54745371868	1.14021693182	1.39563739157
2028	0.987801443297	1.29042773442	1.57693947121	1.15734637491	1.42043237792
2029	0.999272271438	1.31013296473	1.60486621501	1.17336182268	1.4437974683
2030	1.01001208162	1.32873469788	1.63146991635	1.18841965812	1.46594305098
2031	1.01952646977	1.34535065542	1.65549623616	1.20180939927	1.48581822968
2032	1.02784341919	1.36001428594	1.67697058737	1.21356385933	1.50345457147
2033	1.03522204754	1.37316412494	1.69648513265	1.22404461991	1.51936266162
2034	1.04182735444	1.38507422233	1.7144036129	1.23347948372	1.5338591423
2035	1.04760753547	1.39563955668	1.73056165437	1.24178815708	1.54681317624
2036	1.05215170338	1.40412691949	1.74391835452	1.24837999465	1.55735193354
2037	1.05572747569	1.41099257232	1.7550951307	1.25362982628	1.56600863973
2038	1.0586065983	1.41670048671	1.76472547045	1.25791849694	1.57332607407
2039	1.06063203204	1.4209641965	1.77239587456	1.26101724855	1.57896061716
2040	1.06163145206	1.42347137694	1.77765755891	1.26267601858	1.58253845501
2041	1.06181792055	1.42458562428	1.78100677906	1.26319326405	1.5844849316
2042	1.0612563616	1.42441080546	1.78257778565	1.26265658714	1.58491855195
2043	1.06019469897	1.42337349332	1.7829581168	1.26141495315	1.58434000642
2044	1.05868056556	1.42155073653	1.78224884941	1.25953308098	1.58283753822
2045	1.05671860959	1.41894527629	1.78044832204	1.25701502167	1.58041199953
2046	1.05434310461	1.41561246672	1.77762906643	1.25390729703	1.57712673214
2047	1.05168203212	1.41177236318	1.77409427872	1.25038995523	1.57323999021
2048	1.04878093492	1.40750104386	1.76994660177	1.24652597491	1.56884012144
2049	1.04571227898	1.40292219038	1.76535562603	1.2424168287	1.56407193947
2050	1.04263923934	1.39831880253	1.76071400032	1.23829319165	1.55926875623
2051	1.03937343015	1.39335838009	1.75555499421	1.23388586893	1.55403665877
2052	1.03607936467	1.38832708915	1.75027626245	1.22942785227	1.54871299024
2053	1.0325700585	1.3828956276	1.74441606097	1.22465231906	1.54290786938
2054	1.02894490109	1.37723674272	1.73821403523	1.21969997975	1.53682480902
2055	1.02519195912	1.37132841058	1.73163807117	1.21455332118	1.53043725994
2056	1.02149974352	1.36550002639	1.72514725026	1.20948006669	1.52413409945
2057	1.01786908299	1.35975241216	1.71874210368	1.20448107641	1.51791604211
2058	1.01426709987	1.35402759907	1.71234123239	1.19950940174	1.51171440654
2059	1.01073075113	1.34839018643	1.7060346167	1.19461754426	1.50560543431
2060	1.00722603495	1.34278064512	1.69973902524	1.18975716705	1.4995187417
2061	1.00368916715	1.33708744066	1.69329864014	1.18483766693	1.4933225184
2062	1.00026271903	1.33156068523	1.68706293959	1.18006202811	1.4873123974
2063	0.996940070056	1.3261892138	1.68101669213	1.1754210563	1.48147531642
2064	0.993748339425	1.32102108298	1.67522750259	1.17095360544	1.47586824464
2065	0.990644864725	1.31598218994	1.66959242646	1.16659931812	1.47040381786
2066	0.987624761121	1.31106469487	1.66410109731	1.16235161812	1.46507299462
2067	0.984650202016	1.30620310127	1.65866263105	1.15815710354	1.45979860569
2068	0.981620844708	1.30122243357	1.65303314325	1.15387348257	1.45437408227
2069	0.978547090394	1.29614175256	1.64723969404	1.14951600943	1.44882214199
2070	0.97557100346	1.29121076852	1.64163163043	1.14528720084	1.44343811168
2071	0.972486046059	1.2860684667	1.63570524306	1.140893714	1.43779557337
2072	0.969441081498	1.28097647944	1.62982643196	1.13654775312	1.43220391564
2073	0.966501687078	1.27605049234	1.62415743635	1.13234301565	1.42680010221
2074	0.963659459377	1.27127657885	1.61867952801	1.12826795811	1.42156794471
2075	0.961039814714	1.26687525254	1.61370154344	1.12450137443	1.41676834159
2076	0.958587768058	1.26275097496	1.60909096761	1.1209654395	1.41228871785
2077	0.956154558664	1.25864394123	1.60448568632	1.11744896548	1.40782233063
2078	0.953774157123	1.25461447487	1.59997060118	1.11400069648	1.4034407205
2079	0.951609653271	1.25094906503	1.59594666099	1.11085300133	1.39948274327
2080	0.949539789073	1.24743602134	1.59211903689	1.10783376449	1.39569853481
2081	0.947556481757	1.24406192855	1.58846971358	1.10493186583	1.39207251128
2082	0.945685698094	1.24087299707	1.5850639554	1.10218460264	1.38865955003
2083	0.943784113784	1.23761883169	1.58155263156	1.09938846543	1.38516397519
2084	0.942090106719	1.23471771757	1.57852062453	1.09688286669	1.38208034489
2085	0.940615857735	1.2321916103	1.57599947134	1.09468541881	1.3794349075
2086	0.939039536378	1.22947731147	1.57320313879	1.09233865438	1.37656232186
2087	0.937440924069	1.22671520884	1.57032805164	1.08995639184	1.37362864528
2088	0.935791045768	1.22385510104	1.56730443992	1.08749771745	1.37057469978
2089	0.9341970975	1.22108530368	1.56439570904	1.0851153827	1.36762318332
2090	0.932654480194	1.21839823396	1.56159172028	1.08280308642	1.36476530515
2091	0.93105926494	1.21561227336	1.55863914253	1.08041323712	1.36178657217
2092	0.929518576037	1.21291552653	1.55580101929	1.0780984395	1.3589094068
2093	0.928027757388	1.21030023071	1.55306689777	1.07585226914	1.35612478129
2094	0.92658260459	1.20775939644	1.550427385	1.07366893493	1.3534245748
2095	0.925112803544	1.20517020022	1.54771122072	1.07144860727	1.35066375453
2096	0.923722109655	1.20271475283	1.54517306168	1.06933904482	1.34805764841
2097	0.922303117663	1.20020520498	1.54255082208	1.06718763145	1.34538437437
2098	0.920893370864	1.19770763462	1.53993700004	1.06504793129	1.34272210805
2099	0.919526177053	1.19528067274	1.5374137406	1.06296746335	1.34014023605
2100	0.918164567138	1.19285981383	1.53489118911	1.06089377334	1.33756262217
2101	0.916908680634	1.19062073901	1.53261500848	1.05896942051	1.33519698515
2102	0.915747688459	1.18854470301	1.53055938207	1.05717910018	1.33302129952
2103	0.914671932269	1.1866150081	1.5287013338	1.05550917217	1.33101595435
2104	0.913672795881	1.18481677677	1.52702041042	1.05394747683	1.32916348425
2105	0.912742585548	1.18313674047	1.5254983865	1.05248316385	1.32744831941
2106	0.911874430644	1.18156306451	1.5241190201	1.05110655042	1.32585657866
2107	0.911062200455	1.18008520146	1.52286784859	1.04980900241	1.3243758962
2108	0.910300421618	1.17869374606	1.52173198657	1.04858281658	1.32299525023
2109	0.909584204641	1.1773803062	1.52069994638	1.0474211159	1.3217048106
2110	0.908909178874	1.17613738886	1.51976147971	1.04631775696	1.32049580423
2111	0.908271432744	1.17495829551	1.5189074322	1.04526724486	1.31936039167
2112	0.907667468373	1.1738370427	1.51812963346	1.04426466879	1.31829157354
2113	0.907094157031	1.17276828425	1.5174207893	1.04330563862	1.31728309882
2114	0.906548693754	1.17174723208	1.51677437196	1.04238622056	1.3163293715
2115	0.90602856302	1.17076959642	1.5161845374	1.04150288842	1.3154253802
2116	0.905531502743	1.16983152306	1.51564603857	1.04065247256	1.3145666243
2117	0.905055479313	1.16892955005	1.51515416564	1.03983212456	1.31374906298
2118	0.904598670432	1.16806057803	1.51470470534	1.03903929298	1.31296908041
2119	0.904159441214	1.16722182878	1.51429388374	1.03827168954	1.31222343699
2120	0.903736322817	1.16641080816	1.51391831525	1.03752725893	1.3115092258
2121	0.903327993704	1.16562527373	1.51357495797	1.0368041523	1.31082383454
2122	0.902933261001	1.16486320243	1.51326106917	1.03610070097	1.31016490752
2123	0.902551051648	1.16412277549	1.5129741848	1.03541540397	1.30953032806
2124	0.902180400312	1.16340235763	1.5127120909	1.03474691106	1.30891819401
2125	0.901820432846	1.16270046841	1.51247278412	1.03409399934	1.30832678414
2126	0.90147035759	1.1620157673	1.51225445137	1.03345556105	1.30775454064
2127	0.901129452139	1.1613470309	1.51205543828	1.03283058489	1.30720004226
2128	0.900797058618	1.16069314486	1.51187423845	1.03221814944	1.30666199503
2129	0.900472584508	1.16005310568	1.51170949621	1.0316174245	1.30613923441
2130	0.900155494729	1.15942600709	1.511559988	1.03102765992	1.30563070934
2131	0.899845304488	1.15881102776	1.5114246055	1.03044817554	1.30513546782
2132	0.899541573169	1.15820742083	1.5113023413	1.02987835268	1.30465264468
2133	0.899243896922	1.15761450117	1.51119227133	1.02931762364	1.30418144655
2134	0.898951909808	1.15703164756	1.51109355822	1.02876547343	1.3037211546
2135	0.898665280588	1.15645829728	1.5110054439	1.02822143536	1.30327111814
2136	0.898383704084	1.15589393115	1.51092722895	1.02768507877	1.30283073707
2137	0.898106899505	1.15533807077	1.51085826887	1.02715600677	1.30239945868
2138	0.897834603466	1.15479026642	1.51079795747	1.02663384639	1.3019767634
2139	0.897566570829	1.15425009872	1.51074572918	1.02611824981	1.30156216682
2140	0.897302580473	1.15371718883	1.51070107358	1.02560890269	1.30115523178
2141	0.897042431788	1.15319119247	1.51066352708	1.0251055192	1.30075556139
2142	0.896785941442	1.15267179435	1.51063266532	1.02460783751	1.30036279243
2143	0.896532940762	1.15215870368	1.51060809705	1.02411561609	1.29997659019
2144	0.896283271439	1.15165164677	1.5105894538	1.02362862769	1.29959663964
2145	0.896036789439	1.15115037397	1.51057639973	1.02314666488	1.29922265374
2146	0.895793364262	1.15065465844	1.51056862999	1.02266953912	1.29885437202
2147	0.895552872503	1.15016428495	1.5105658552	1.0221970716	1.29849154736
2148	0.895315198139	1.14967905049	1.51056780225	1.02172909368	1.29813394671
2149	0.895080227299	1.14919875513	1.51057420174	1.0212654395	1.29778134035
2150	0.894847850666	1.14872320632	1.51058479392	1.02080594943	1.29743350698
2151	0.894617970635	1.1482522315	1.51059934642	1.02035048027	1.29709024863
2152	0.894390499054	1.14778567413	1.51061764878	1.01989890207	1.29675138603
2153	0.894165355097	1.14732339011	1.51063950742	1.01945109512	1.29641675433
2154	0.893942463643	1.1468652449	1.51066474174	1.01900694769	1.29608619978
2155	0.89372175186	1.14641110762	1.51069317589	1.01856635117	1.29575957275
2156	0.893503153911	1.14596085933	1.51072465037	1.01812920679	1.29543673752
2157	0.893286610922	1.145514393	1.51075902203	1.01769542558	1.29511757224
2158	0.893072065175	1.14507160338	1.51079614992	1.01726492017	1.29480195705
2159	0.892859460968	1.14463238853	1.51083589752	1.01683760596	1.29448977579
2160	0.892648739889	1.14419664158	1.51087812116	1.01641339447	1.29418090634
2161	0.892439843674	1.14376425575	1.51092267712	1.0159921974	1.29387522656
2162	0.892232721775	1.14333513763	1.51096944017	1.01557393742	1.29357262997
2163	0.892027329472	1.1429092039	1.51101829904	1.01515854543	1.2932730219
2164	0.89182362607	1.1424863782	1.51106915202	1.01474595811	1.29297631577
2165	0.891621573576	1.14206658883	1.51112190379	1.01433611596	1.29268243042
2166	0.891421133552	1.14164976322	1.51117645774	1.01392895887	1.29239128355
2167	0.891222272058	1.14123583665	1.51123272813	1.01352443315	1.29210280206
2168	0.891024959838	1.14082475257	1.51129064055	1.0131224918	1.29181692241
2169	0.89082916671	1.14041645278	1.51135011823	1.01272308654	1.29153357902
2170	0.890634862596	1.14001087926	1.51141108461	1.01232616928	1.29125270646
2171	0.890442012959	1.13960796616	1.51147345215	1.01193168564	1.29097422998
2172	0.890250581805	1.13920764513	1.51153712974	1.0115395792	1.29069807178
2173	0.890060539382	1.13880985873	1.5116020415	1.0111498025	1.29042416692
2174	0.889871860402	1.1384145574	1.51166812252	1.01076231447	1.29015245967
2175	0.889684522356	1.13802169646	1.51173531469	1.01037707807	1.28988290006
2176	0.889498504282	1.13763123401	1.51180356377	1.00999405849	1.28961544129
2177	0.889313783705	1.13724312552	1.51187281186	1.00961321887	1.28935003347
2178	0.889130341663	1.13685733269	1.51194300973	1.00923452741	1.28908663398
2179	0.888948162967	1.13647382386	1.51201411748	1.00885795772	1.28882520802
2180	0.888767230652	1.13609256436	1.51208609099	1.00848348097	1.28856571718
2181	0.888587527073	1.13571351835	1.51215888455	1.00811106745	1.28830812167
2182	0.8884090294	1.13533664101	1.51223243989	1.00774068012	1.28805237099
2183	0.888231712661	1.13496188383	1.51230669361	1.007372279	1.2877984103
2184	0.888055557497	1.13458920822	1.51238159615	1.00700583214	1.28754619639
2185	0.887880548426	1.13421858244	1.51245710757	1.0066413132	1.28729569416
2186	0.88770667219	1.13384997873	1.51253319351	1.00627869907	1.28704687317
2187	0.887533916568	1.13348337125	1.5126098223	1.00591796819	1.28679970521
2188	0.887362267343	1.13311873071	1.5126869575	1.00555909625	1.28655415798
2189	0.887191713364	1.1327560333	1.51276457036	1.00520206335	1.28631020563
2190	0.887022246828	1.13239526116	1.51284264044	1.00484685446	1.28606782932
2191	0.886853857763	1.1320363927	1.51292114218	1.00449345151	1.28582700577
2192	0.886686535148	1.13167940458	1.51300004758	1.00414183502	1.28558770965
2193	0.886520262424	1.13132426386	1.51307931527	1.00379197771	1.28534990422
2194	0.886355020568	1.13097093336	1.51315889798	1.00344384888	1.28511354772
2195	0.886190795857	1.13061938527	1.51323876155	1.00309742543	1.28487860947
2196	0.886027578156	1.13026959816	1.51331888075	1.00275268944	1.28464506627
2197	0.885865359285	1.1299215541	1.5133992353	1.00240962583	1.28441289908
2198	0.885704131838	1.12957523661	1.51347980695	1.00206822071	1.28418209052
2199	0.885543886173	1.12923062536	1.51356057216	1.00172845708	1.28395261871
2200	0.885384615484	1.12888770509	1.51364151445	1.00139032201	1.28372446768
2201	0.885226316095	1.12854646611	1.51372262519	1.00105380712	1.28349762807
2202	0.885068981961	1.12820689465	1.51380389008	1.00071890073	1.28327208567
2203	0.884912605789	1.12786897484	1.51388529195	1.00038558942	1.2830478238
2204	0.884757174568	1.12753268087	1.51396679975	1.00005385173	1.28282481401
2205	0.884602672648	1.12719798239	1.51404837613	0.999723662495	1.28260302247
2206	0.884449089519	1.12686485815	1.51412999644	0.999395003933	1.28238242608
2207	0.884296418101	1.12653329296	1.51421164457	0.999067863202	1.28216300893
2208	0.88414465312	1.1262032749	1.51429330896	0.998742230087	1.28194475892
2209	0.883993794651	1.12587480146	1.51437499128	0.998418102038	1.28172767511
2210	0.883843842328	1.12554786947	1.51445669228	0.99809547594	1.28151175573
2211	0.883694790484	1.12522246652	1.51453839988	0.99777434119	1.28129698813
2212	0.883546632963	1.12489857942	1.51462010092	0.997454686547	1.2810833587
2213	0.883399364173	1.12457619606	1.51470178376	0.997136501625	1.2808708551
2214	0.88325297938	1.12425530589	1.514783439	0.996819777319	1.28065946685
2215	0.883107470839	1.12393589314	1.51486504998	0.996504500288	1.28044917728
2216	0.882962831925	1.12361794409	1.5149466029	0.996190658838	1.28023997216
2217	0.882819062821	1.12330145702	1.51502810076	0.995878251014	1.28003185139
2218	0.882676167212	1.12298643639	1.51510955525	0.995567279884	1.27982482221
2219	0.882534151345	1.12267289122	1.51519098445	0.995257752211	1.27961889725
2220	0.882393023531	1.12236083421	1.51527241166	0.994949677739	1.27941409348
2221	0.882252791371	1.12205027689	1.51535385855	0.994643065246	1.27921042647
2222	0.882113460883	1.12174122806	1.51543534306	0.994337921305	1.27900790862
2223	0.881975037866	1.12143369621	1.51551688274	0.994034252217	1.27880655191
2224	0.881837528357	1.1211276903	1.51559849582	0.993732064669	1.27860636892
2225	0.881700938131	1.1208232189	1.51568020004	0.993431365014	1.27840737175
2226	0.881565267791	1.12052028156	1.5157620006	0.993132152291	1.27820956186
2227	0.88143051567	1.12021887393	1.51584389724	0.992834422353	1.27801293608
2228	0.881296682081	1.11991899519	1.51592589469	0.992538173913	1.27781749541
2229	0.881163764463	1.1196206395	1.5160079907	0.992243401628	1.27762323495
2230	0.881031754841	1.11932379165	1.51609016991	0.991950092503	1.27743013869
2231	0.880900637835	1.11902842346	1.5161723989	0.991658223043	1.2772381753
2232	0.880770386603	1.11873448674	1.51625461626	0.991367753497	1.27704728981
2233	0.880640961125	1.11844191028	1.51633672836	0.991078625407	1.27685739997
2234	0.880512309299	1.11815060172	1.51641861204	0.990790763177	1.27666839858
2235	0.880384367919	1.11786044932	1.51650011692	0.990504075459	1.27648015546
2236	0.880257063616	1.11757132358	1.51658106769	0.990218456495	1.27629251942
2237	0.880130310442	1.11728307298	1.5166612582	0.989933782679	1.27610531319
2238	0.880004016329	1.11699553535	1.51674046722	0.98964992175	1.27591834687
2239	0.879878091953	1.11670855333	1.5168184801	0.989366745389	1.2757314362
2240	0.879752451355	1.11642197551	1.51689509031	0.989084130108	1.27554440386
2241	0.879627015534	1.11613566269	1.51697010823	0.98880196235	1.27535708694
2242	0.879501716838	1.11584949557	1.51704337191	0.988520144745	1.27516934599
2243	0.879376501154	1.11556337859	1.5171147524	0.988238599202	1.27498106958
2244	0.879251331736	1.11527724663	1.51718416323	0.987957272365	1.2747921822
2245	0.879126194682	1.11499107463	1.51725157375	0.987676143393	1.27460265567
2246	0.879001102598	1.11470488395	1.51731701822	0.987395229167	1.27441251667
2247	0.87887609613	1.11441874512	1.51738059956	0.98711458646	1.27422184996
2248	0.878751239744	1.11413277038	1.51744247913	0.986834305939	1.27403078966
2249	0.87862662388	1.11384711754	1.51750288198	0.986554515216	1.27383952374
2250	0.878502367048	1.11356199356	1.51756210211	0.986275381829	1.27364829833
2251	0.878378607537	1.1132776401	1.51762048219	0.985997101446	1.27345740062
2252	0.878255496391	1.11299432118	1.51767839645	0.985719887869	1.27326714434
2253	0.878133190147	1.11271231049	1.51773623293	0.985443962714	1.2730778547
2254	0.878011841088	1.11243187431	1.5177943696	0.985169541538	1.27288984824
2255	0.877891589691	1.11215325825	1.51785315597	0.984896823108	1.27270341721
2256	0.877772560075	1.11187667935	1.51791290183	0.984625982926	1.27251882012
2257	0.877654855738	1.11160231855	1.51797386689	0.984357167176	1.27233627295
2258	0.877538555829	1.11133031422	1.51803625154	0.984090487425	1.27215594137
2259	0.877423708735	1.11106075085	1.51810018116	0.983826011501	1.27197792751
2260	0.877310335217	1.11079366464	1.5181657137	0.983563767969	1.27180227638
2261	0.877198434607	1.11052905427	1.51823285484	0.983303754944	1.27162898872
2262	0.87708798336	1.11026687842	1.51830155433	0.983045938033	1.27145801799
2263	0.876978937103	1.11000705933	1.51837171103	0.982790253256	1.27128927457
2264	0.876871233992	1.10974948866	1.51844318102	0.982536611822	1.27112263271
2265	0.876764796353	1.10949403042	1.51851578159	0.982284902461	1.27095793388
2266	0.876659534511	1.1092405276	1.51858930057	0.982034996874	1.27079499476
2267	0.876555352889	1.1089888129	1.51866351124	0.981786758408	1.27063361975
2268	0.876452155023	1.10873871749	1.51873818456	0.981540049184	1.27047361143
2269	0.876349847281	1.10849007754	1.51881309826	0.981294735384	1.2703147782
2270	0.876248337741	1.10824273222	1.5188880341	0.981050685659	1.27015693197
2271	0.876147542378	1.10799653453	1.51896279302	0.980807779915	1.26999990095
2272	0.876047392083	1.10775136366	1.51903721228	0.980565919306	1.26984354421
2273	0.875947830048	1.10750712031	1.51911115914	0.9803250225	1.26968774624
2274	0.875848810961	1.10726372534	1.51918452886	0.980085024531	1.26953241532
2275	0.875750300209	1.10702111837	1.5192572428	0.979845875669	1.26937748181
2276	0.87565227051	1.10677925184	1.5193292402	0.979607536621	1.26922289127
2277	0.875554700296	1.10653808821	1.51940047419	0.979369976235	1.26906860104
2278	0.875457574312	1.10629760102	1.5194709133	0.979133172342	1.26891458153
2279	0.875360883417	1.10605777449	1.51954054101	0.97889711148	1.26876081577
2280	0.87526462362	1.10581860189	1.51960935336	0.978661787519	1.26860729747
2281	0.875168790991	1.10558007659	1.51967734653	0.978427194423	1.26845402045
2282	0.875073384684	1.10534219736	1.51974452422	0.978193330549	1.26830098491
2283	0.874978411626	1.1051049766	1.51981090916	0.977960205314	1.26814820716
2284	0.874883882361	1.10486843305	1.51987653296	0.977727833286	1.26799571098
2285	0.874789809428	1.10463258896	1.51994143212	0.977496231876	1.26784352431
2286	0.874696206355	1.1043974683	1.52000564558	0.977265419909	1.26769167713
2287	0.874603084575	1.1041630914	1.5200692072	0.977035413229	1.26754019512
2288	0.874510452445	1.10392947318	1.52013214333	0.976806223316	1.26738909757
2289	0.874418316733	1.10369662583	1.52019447645	0.976577859397	1.26723840054
2290	0.874326680304	1.10346455467	1.52025621953	0.976350325151	1.26708811198
2291	0.874235546674	1.1032332662	1.52031738714	0.976123625195	1.26693824123
2292	0.874144922741	1.10300277284	1.52037800213	0.975897768964	1.26678880463
2293	0.874054814339	1.10277308517	1.5204380848	0.975672764385	1.26663981633
2294	0.873965226356	1.10254421211	1.52049765313	0.975448618048	1.26649128856
2295	0.873876162844	1.10231616114	1.52055672311	0.975225335364	1.2663432318
2296	0.873787627115	1.10208893844	1.52061530891	0.975002920694	1.26619565503
2297	0.87369962182	1.10186254907	1.5206734231	0.974781377473	1.26604856588
2298	0.873612149029	1.10163699704	1.52073107686	0.974560708314	1.26590197078
2299	0.873525210295	1.10141228551	1.52078828013	0.974340915105	1.26575587511
2300	0.873438806717	1.10118841683	1.52084504172	0.974121999091	1.26561028331
2301	0.873352938984	1.10096539264	1.52090136947	0.97390396095	1.26546519899
2302	0.87326760743	1.100743214	1.52095727037	0.973686800855	1.26532062505
2303	0.873182812071	1.10052188138	1.52101275063	0.97347051854	1.26517656373
2304	0.873098552643	1.10030139479	1.52106781578	0.973255113345	1.26503301668
2305	0.873014828633	1.10008175383	1.52112247076	0.973040584266	1.26488998508
2306	0.87293163931	1.0998629577	1.52117671999	0.972826929993	1.26474746965
2307	0.872848983748	1.09964500527	1.5212305674	0.972614148949	1.26460547072
2308	0.872766860852	1.09942789515	1.52128401652	0.972402239323	1.26446398827
2309	0.872685269376	1.09921162566	1.52133707051	0.972191199093	1.26432302198
2310	0.872604207939	1.09899619491	1.52138973223	0.971981026059	1.26418257126
2311	0.872523675046	1.09878160082	1.52144200422	0.971771717859	1.2640426353
2312	0.872443669099	1.09856784114	1.52149388881	0.971563271992	1.26390321305
2313	0.872364188407	1.09835491344	1.52154538807	0.971355685836	1.26376430332
2314	0.872285231204	1.09814281519	1.52159650391	0.971148956662	1.26362590472
2315	0.872206795651	1.09793154375	1.52164723807	0.970943081649	1.26348801577
2316	0.872128879851	1.09772109634	1.52169759211	0.970738057895	1.26335063483
2317	0.872051481854	1.09751147014	1.52174756749	0.97053388243	1.26321376016
2318	0.871974599661	1.09730266223	1.52179716554	0.970330552225	1.26307738996
2319	0.871898231238	1.09709466964	1.5218463875	0.970128064198	1.26294152232
2320	0.871822374514	1.09688748933	1.52189523452	0.969926415227	1.26280615527
2321	0.871747027388	1.09668111823	1.52194370767	0.969725602151	1.26267128678
2322	0.871672187734	1.09647555322	1.52199180797	0.969525621777	1.26253691479
2323	0.871597853407	1.09627079115	1.52203953635	0.969326470891	1.26240303718
2324	0.87152402224	1.09606682886	1.52208689373	0.969128146254	1.26226965179
2325	0.871450692054	1.09586366314	1.52213388096	0.968930644613	1.26213675645
2326	0.871377860655	1.09566129079	1.52218049887	0.968733962701	1.26200434895
2327	0.87130552584	1.09545970857	1.52222674825	0.968538097241	1.26187242708
2328	0.871233685399	1.09525891326	1.52227262987	0.96834304495	1.26174098859
2329	0.871162337113	1.0950589016	1.52231814448	0.968148802541	1.26161003123
2330	0.871091478761	1.09485967037	1.5223632928	0.967955366723	1.26147955275
2331	0.871021108117	1.0946612163	1.52240807554	0.967762734207	1.26134955088
2332	0.870951222954	1.09446353615	1.52245249342	0.967570901703	1.26122002335
2333	0.870881821044	1.09426662668	1.52249654711	0.967379865926	1.26109096791
2334	0.870812900158	1.09407048465	1.5225402373	0.967189623595	1.26096238228
2335	0.87074445807	1.09387510682	1.52258356468	0.967000171434	1.2608342642
2336	0.870676492556	1.09368048996	1.52262652992	0.966811506175	1.2607066114
2337	0.870609001391	1.09348663086	1.52266913368	0.966623624555	1.26057942164
2338	0.870541982358	1.09329352631	1.52271137665	0.966436523322	1.26045269267
2339	0.870475433241	1.09310117309	1.5227532595	0.966250199231	1.26032642225
2340	0.870409351827	1.09290956803	1.52279478289	0.966064649047	1.26020060813
2341	0.870343735912	1.09271870794	1.5228359475	0.965879869547	1.26007524811
2342	0.870278583292	1.09252858965	1.52287675402	0.965695857516	1.25995033996
2343	0.870213891771	1.09233921	1.52291720313	0.96551260975	1.25982588149
2344	0.870149659159	1.09215056586	1.5229572955	0.965330123059	1.2597018705
2345	0.870085883271	1.09196265408	1.52299703183	0.965148394261	1.2595783048
2346	0.870022561927	1.09177547155	1.52303641281	0.96496742019	1.25945518224
2347	0.869959692955	1.09158901517	1.52307543914	0.964787197688	1.25933250064
2348	0.86989727419	1.09140328184	1.52311411153	0.964607723611	1.25921025787
2349	0.86983530347	1.09121826849	1.52315243069	0.964428994829	1.25908845178
2350	0.869773778645	1.09103397204	1.52319039733	0.964251008221	1.25896708025
2351	0.869712697568	1.09085038945	1.52322801217	0.964073760681	1.25884614119
2352	0.869652058099	1.09066751769	1.52326527594	0.963897249116	1.25872563248
2353	0.869591858108	1.09048535372	1.52330218937	0.963721470445	1.25860555204
2354	0.869532095469	1.09030389455	1.52333875321	0.963546421599	1.2584858978
2355	0.869472768065	1.09012313717	1.52337496819	0.963372099523	1.2583666677
2356	0.869413873786	1.08994307861	1.52341083507	0.963198501175	1.25824785969
2357	0.869355410528	1.0897637159	1.5234463546	0.963025623524	1.25812947174
2358	0.869297376195	1.08958504608	1.52348152756	0.962853463554	1.25801150183
2359	0.869239768701	1.08940706623	1.5235163547	0.962682018262	1.25789394794
2360	0.869182585962	1.08922977341	1.5235508368	0.962511284656	1.25777680808
2361	0.869125825907	1.08905316472	1.52358497464	0.962341259758	1.25766008027
2362	0.869069486469	1.08887723726	1.52361876902	0.962171940603	1.25754376254
2363	0.86901356559	1.08870198815	1.52365222072	0.962003324239	1.25742785292
2364	0.868958061217	1.08852741452	1.52368533054	0.961835407724	1.25731234947
2365	0.868902971309	1.08835351351	1.52371809928	0.961668188133	1.25719725025
2366	0.868848293827	1.08818028229	1.52375052775	0.961501662551	1.25708255335
2367	0.868794026745	1.08800771803	1.52378261678	0.961335828075	1.25696825685
2368	0.868740168039	1.08783581792	1.52381436717	0.961170681818	1.25685435885
2369	0.868686715698	1.08766457916	1.52384577975	0.961006220902	1.25674085748
2370	0.868633667714	1.08749399896	1.52387685536	0.960842442463	1.25662775084
2371	0.868581022088	1.08732407455	1.52390759483	0.960679343648	1.2565150371
2372	0.868528776829	1.08715480317	1.52393799899	0.96051692162	1.25640271438
2373	0.868476929954	1.08698618208	1.5239680687	0.96035517355	1.25629078086
2374	0.868425479486	1.08681820854	1.5239978048	0.960194096625	1.25617923471
2375	0.868374423455	1.08665087984	1.52402720815	0.96003368804	1.2560680741
2376	0.868323759901	1.08648419327	1.52405627961	0.959873945007	1.25595729725
2377	0.868273486868	1.08631814613	1.52408502004	0.959714864746	1.25584690236
2378	0.868223602411	1.08615273575	1.52411343031	0.959556444491	1.25573688763
2379	0.868174104589	1.08598795945	1.52414151129	0.959398681489	1.25562725132
2380	0.868124991472	1.0858238146	1.52416926386	0.959241572996	1.25551799164
2381	0.868076261133	1.08566029853	1.5241966889	0.959085116282	1.25540910687
2382	0.868027911656	1.08549740863	1.52422378729	0.958929308629	1.25530059526
2383	0.867979941132	1.08533514228	1.52425055992	0.95877414733	1.25519245508
2384	0.867932347656	1.08517349687	1.52427700768	0.95861962969	1.25508468462
2385	0.867885129334	1.08501246982	1.52430313148	0.958465753024	1.25497728217
2386	0.867838284279	1.08485205854	1.5243289322	0.958312514661	1.25487024604
2387	0.867791810608	1.08469226047	1.52435441075	0.958159911942	1.25476357455
2388	0.867745706449	1.08453307305	1.52437956805	0.958007942216	1.25465726602
2389	0.867699969935	1.08437449374	1.52440440499	0.957856602846	1.2545513188
2390	0.867654599208	1.08421652001	1.52442892249	0.957705891207	1.25444573122
2391	0.867609592415	1.08405914935	1.52445312147	0.957555804683	1.25434050164
2392	0.867564947712	1.08390237924	1.52447700285	0.957406340671	1.25423562844
2393	0.867520663262	1.08374620719	1.52450056754	0.957257496579	1.25413110999
2394	0.867476737234	1.08359063072	1.52452381649	0.957109269826	1.25402694467
2395	0.867433167805	1.08343564736	1.5245467506	0.956961657841	1.25392313089
2396	0.867389953159	1.08328125465	1.52456937082	0.956814658065	1.25381966705
2397	0.867347091488	1.08312745013	1.52459167808	0.956668267951	1.25371655158
2398	0.867304580989	1.08297423139	1.52461367331	0.956522484961	1.25361378288
2399	0.867262419868	1.08282159598	1.52463535745	0.956377306569	1.25351135941
2400	0.867220606337	1.0826695415	1.52465673145	0.95623273026	1.25340927961
2401	0.867179138616	1.08251806555	1.52467779625	0.956088753529	1.25330754193
2402	0.867138014931	1.08236716573	1.52469855279	0.955945373883	1.25320614483
2403	0.867097233515	1.08221683966	1.52471900202	0.955802588838	1.2531050868
2404	0.86705679261	1.08206708498	1.5247391449	0.955660395921	1.25300436631
2405	0.867016690463	1.08191789932	1.52475898238	0.955518792671	1.25290398186
2406	0.866976925327	1.08176928035	1.5247785154	0.955377776637	1.25280393194
2407	0.866937495465	1.08162122573	1.52479774493	0.955237345377	1.25270421506
2408	0.866898399144	1.08147373313	1.52481667193	0.955097496461	1.25260482976
2409	0.866859634641	1.08132680023	1.52483529735	0.954958227468	1.25250577454
2410	0.866821200236	1.08118042474	1.52485362217	0.95481953599	1.25240704796
2411	0.86678309422	1.08103460436	1.52487164733	0.954681419626	1.25230864855
2412	0.866745314887	1.08088933682	1.52488937382	0.954543875987	1.25221057487
2413	0.866707860541	1.08074461983	1.52490680259	0.954406902694	1.25211282547
2414	0.86667072949	1.08060045114	1.52492393461	0.954270497378	1.25201539895
2415	0.866633920053	1.0804568285	1.52494077086	0.95413465768	1.25191829386
2416	0.86659743055	1.08031374967	1.5249573123	0.953999381252	1.2518215088
2417	0.866561259313	1.08017121242	1.52497355992	0.953864665754	1.25172504237
2418	0.866525404678	1.08002921452	1.52498951467	0.953730508858	1.25162889317
2419	0.866489864988	1.07988775378	1.52500517755	0.953596908244	1.25153305981
2420	0.866454638593	1.07974682799	1.52502054952	0.953463861604	1.25143754091
2421	0.866419723851	1.07960643496	1.52503563157	0.953331366638	1.25134233511
2422	0.866385119124	1.07946657252	1.52505042467	0.953199421057	1.25124744103
2423	0.866350822783	1.0793272385	1.5250649298	0.953068022581	1.25115285733
2424	0.866316833204	1.07918843073	1.52507914794	0.95293716894	1.25105858266
2425	0.866283148771	1.07905014706	1.52509308008	0.952806857872	1.25096461567
2426	0.866249767874	1.07891238537	1.5251067272	0.952677087128	1.25087095504
2427	0.86621668891	1.07877514352	1.52512009028	0.952547854466	1.25077759944
2428	0.866183910281	1.07863841938	1.52513317031	0.952419157654	1.25068454756
2429	0.866151430398	1.07850221086	1.52514596827	0.95229099447	1.25059179809
2430	0.866119247676	1.07836651584	1.52515848514	0.9521633627	1.25049934972
2431	0.866087360539	1.07823133225	1.52517072192	0.952036260141	1.25040720117
2432	0.866055767416	1.07809665799	1.52518267959	0.951909684599	1.25031535114
2433	0.866024466742	1.077962491	1.52519435914	0.951783633888	1.25022379836
2434	0.86599345696	1.07782882921	1.52520576155	0.951658105833	1.25013254156
2435	0.865962736518	1.07769567057	1.52521688782	0.951533098267	1.25004157947
2436	0.865932303872	1.07756301303	1.52522773893	0.951408609034	1.24995091084
2437	0.865902157483	1.07743085457	1.52523831588	0.951284635983	1.24986053442
2438	0.86587229582	1.07729919316	1.52524861964	0.951161176977	1.24977044896
2439	0.865842717355	1.07716802677	1.52525865122	0.951038229885	1.24968065323
2440	0.865813420571	1.07703735341	1.5252684116	0.950915792586	1.249591146
2441	0.865784403954	1.07690717108	1.52527790177	0.950793862968	1.24950192605
2442	0.865755665997	1.07677747778	1.52528712272	0.950672438927	1.24941299217
2443	0.8657272052	1.07664827153	1.52529607545	0.950551518368	1.24932434314
2444	0.865699020069	1.07651955038	1.52530476093	0.950431099207	1.24923597777
2445	0.865671109116	1.07639131234	1.52531318018	0.950311179366	1.24914789487
2446	0.86564347086	1.07626355548	1.52532133416	0.950191756778	1.24906009324
2447	0.865616103825	1.07613627784	1.52532922388	0.950072829382	1.24897257171
2448	0.865589006542	1.07600947749	1.52533685033	0.949954395128	1.2488853291
2449	0.865562177548	1.0758831525	1.52534421449	0.949836451975	1.24879836425
2450	0.865535615386	1.07575730096	1.52535131735	0.949718997888	1.24871167599
2451	0.865509318606	1.07563192095	1.52535815991	0.949602030842	1.24862526317
2452	0.865483285764	1.07550701057	1.52536474315	0.949485548822	1.24853912465
2453	0.86545751542	1.07538256793	1.52537106807	0.94936954982	1.24845325927
2454	0.865432006143	1.07525859115	1.52537713566	0.949254031835	1.24836766592
2455	0.865406756507	1.07513507834	1.52538294689	0.949138992877	1.24828234345
2456	0.865381765091	1.07501202765	1.52538850276	0.949024430964	1.24819729075
2457	0.865357030481	1.0748894372	1.52539380426	0.94891034412	1.24811250669
2458	0.86533255127	1.07476730516	1.52539885238	0.94879673038	1.24802799018
2459	0.865308326055	1.07464562967	1.5254036481	0.948683587786	1.24794374011
2460	0.865284353441	1.07452440891	1.52540819241	0.948570914388	1.24785975537
2461	0.865260632036	1.07440364104	1.5254124863	0.948458708245	1.24777603488
2462	0.865237160458	1.07428332426	1.52541653074	0.948346967424	1.24769257756
2463	0.865213937329	1.07416345673	1.52542032673	0.94823569	1.24760938231
2464	0.865190961274	1.07404403668	1.52542387526	0.948124874055	1.24752644808
2465	0.86516823093	1.07392506229	1.52542717729	0.94801451768	1.24744377378
2466	0.865145744934	1.07380653179	1.52543023382	0.947904618975	1.24736135837
2467	0.865123501933	1.07368844339	1.52543304583	0.947795176046	1.24727920078
2468	0.865101500578	1.07357079533	1.52543561431	0.947686187009	1.24719729996
2469	0.865079739525	1.07345358585	1.52543794022	0.947577649985	1.24711565488
2470	0.865058217439	1.07333681317	1.52544002455	0.947469563106	1.24703426448
2471	0.865036932986	1.07322047557	1.52544186828	0.947361924511	1.24695312774
2472	0.865015884843	1.0731045713	1.52544347239	0.947254732344	1.24687224362
2473	0.864995071688	1.07298909863	1.52544483786	0.947147984762	1.24679161112
2474	0.864974492209	1.07287405583	1.52544596566	0.947041679924	1.24671122921
2475	0.864954145096	1.07275944119	1.52544685677	0.946935816001	1.24663109687
2476	0.864934029047	1.072645253	1.52544751216	0.94683039117	1.24655121312
2477	0.864914142765	1.07253148955	1.5254479328	0.946725403615	1.24647157693
2478	0.864894484959	1.07241814916	1.52544811967	0.946620851529	1.24639218733
2479	0.864875054344	1.07230523013	1.52544807375	0.946516733112	1.24631304332
2480	0.864855849638	1.07219273079	1.52544779599	0.946413046571	1.24623414391
2481	0.864836869568	1.07208064946	1.52544728738	0.946309790121	1.24615548813
2482	0.864818112865	1.07196898448	1.52544654887	0.946206961984	1.24607707501
2483	0.864799578265	1.0718577342	1.52544558144	0.94610456039	1.24599890357
2484	0.864781264512	1.07174689695	1.52544438606	0.946002583576	1.24592097286
2485	0.864763170352	1.0716364711	1.52544296368	0.945901029787	1.24584328192
2486	0.864745294539	1.07152645502	1.52544131527	0.945799897275	1.24576582978
2487	0.864727635832	1.07141684707	1.5254394418	0.945699184299	1.24568861551
2488	0.864710192996	1.07130764563	1.52543734422	0.945598889125	1.24561163817
2489	0.864692964799	1.07119884909	1.52543502349	0.945499010027	1.24553489681
2490	0.864675950018	1.07109045584	1.52543248059	0.945399545286	1.2454583905
2491	0.864659147433	1.07098246429	1.52542971645	0.945300493189	1.24538211832
2492	0.86464255583	1.07087487282	1.52542673204	0.945201852033	1.24530607933
2493	0.864626174	1.07076767987	1.52542352832	0.945103620118	1.24523027263
2494	0.86461000074	1.07066088385	1.52542010623	0.945005795756	1.24515469731
2495	0.864594034853	1.07055448318	1.52541646673	0.944908377261	1.24507935244
2496	0.864578275146	1.07044847631	1.52541261077	0.944811362958	1.24500423713
2497	0.864562720432	1.07034286167	1.5254085393	0.944714751176	1.24492935048
2498	0.864547369529	1.0702376377	1.52540425327	0.944618540254	1.2448546916
2499	0.86453222126	1.07013280287	1.52539975362	0.944522728535	1.24478025959
2500	0.864517274454	1.07002835564	1.52539504131	0.944427314371	1.24470605358
