Year	0_temp	1_temp	2_temp	3_temp	4_temp
1765	-0.121556571481	-0.158229344107	-0.200535811042	-0.141380090688	-0.175998462417
1766	-0.117248181266	-0.150919509167	-0.190470519031	-0.135356921262	-0.167493553571
1767	-0.10864270994	-0.136284428893	-0.17032079689	-0.123320510154	-0.150432124819
1768	-0.101704068427	-0.124524470009	-0.154170310194	-0.113647839635	-0.136720004067
1769	-0.0973837596638	-0.117341245535	-0.144374875975	-0.10770071619	-0.128389708916
1770	-0.0935694887423	-0.111046007059	-0.135785636116	-0.102478893951	-0.121087041595
1771	-0.0884660300337	-0.102504529728	-0.124023298738	-0.0954359082221	-0.111110134064
1772	-0.0828716938696	-0.0931149224115	-0.111042409658	-0.0877070790857	-0.100114034208
1773	-0.077589918921	-0.0842752337879	-0.0988028073801	-0.0804285833986	-0.089754439164
1774	-0.0728270012002	-0.0763457711473	-0.0878109762808	-0.0738928300936	-0.0804595514272
1775	-0.0685968437561	-0.0693499571933	-0.0781026230233	-0.0681185305081	-0.0722591967687
1776	-0.0646783124389	-0.0628997837035	-0.0691382142495	-0.062790228207	-0.0646967146489
1777	-0.0608418648394	-0.0565924224328	-0.060356904502	-0.0575805648207	-0.057297360289
1778	-0.0570473366124	-0.0503563372194	-0.05166029233	-0.0524314538405	-0.0499771499101
1779	-0.0534963180521	-0.0445431913098	-0.0435411807834	-0.0476285894633	-0.0431517253243
1780	-0.0503076034406	-0.0393595471738	-0.0362898260363	-0.043339889659	-0.0370650481179
1781	-0.0474673443256	-0.0347889798047	-0.0298800702833	-0.0395510414814	-0.0316967258211
1782	-0.0457853146275	-0.0322486577877	-0.0262935877094	-0.0374125928282	-0.028722148678
1783	-0.0474823857264	-0.0356194758197	-0.0309606544272	-0.040076080075	-0.0327303356239
1784	-0.0514836591745	-0.0430189114085	-0.0412580192902	-0.0460121265818	-0.0414989241101
1785	-0.0529233905679	-0.04592387946	-0.04528183056	-0.0482999811371	-0.0449569450381
1786	-0.050841330986	-0.0426537587188	-0.0406792496809	-0.0455749356608	-0.0411181417114
1787	-0.0474744033805	-0.037128313742	-0.032921318408	-0.0410196544816	-0.034614028082
1788	-0.0442021909832	-0.0317644571758	-0.0253842679348	-0.0365966039868	-0.0283002917581
1789	-0.0447435112275	-0.0330768903636	-0.0271727651835	-0.0375950123664	-0.0298763974957
1790	-0.0501997148246	-0.0429946275602	-0.0409915634679	-0.0455804289491	-0.041623903415
1791	-0.0539395331789	-0.0499099576091	-0.0506282586967	-0.0511265596247	-0.0498255337378
1792	-0.0528674175126	-0.048400353142	-0.0485039244861	-0.0498307452142	-0.0480726704802
1793	-0.0496738828797	-0.0431704684936	-0.0411884595045	-0.0455142533128	-0.0419247976998
1794	-0.0465578463582	-0.0380732189772	-0.0340620487451	-0.0413054812568	-0.0359343174452
1795	-0.0445423693685	-0.0349012130361	-0.0296303151723	-0.0386597744099	-0.0322197344196
1796	-0.0428715011002	-0.0323304165022	-0.0260458807321	-0.0365019062786	-0.0292167540463
1797	-0.0406147325095	-0.0287403640885	-0.0210406231853	-0.0335149583867	-0.025009605778
1798	-0.037957602103	-0.0244554489289	-0.0150671786132	-0.0299624302861	-0.0199816673396
1799	-0.0353235878386	-0.0202075610329	-0.00915262364201	-0.0264397978658	-0.0149987873502
1800	-0.03273145534	-0.0160392070588	-0.00335162532805	-0.0229804091615	-0.0101102816141
1801	-0.0301348901533	-0.0118689267179	0.00244875435193	-0.0195180558471	-0.0052202112272
1802	-0.0277695333838	-0.00811867130642	0.00766271183613	-0.0163940738242	-0.000826775956669
1803	-0.0257130994637	-0.00491422109143	0.0121079781797	-0.0137116770819	0.0029199064542
1804	-0.0238073648941	-0.00195978359556	0.0161873600412	-0.0112328404132	0.00636725843565
1805	-0.0220276015455	0.000776922237772	0.019951354248	-0.00892997978085	0.0095543589157
1806	-0.0204397121691	0.0031706289103	0.0232299902607	-0.00690355538758	0.0123339295058
1807	-0.0190245231491	0.00525563073981	0.0260709958177	-0.00512581041262	0.0147463867634
1808	-0.0340081648206	-0.0213838681657	-0.0112338459359	-0.0266685369915	-0.0167937386077
1809	-0.0852266845153	-0.111495473973	-0.137266950727	-0.0997409320872	-0.123362004669
1810	-0.1440398309	-0.21490064894	-0.281987629193	-0.183598656949	-0.245669967903
1811	-0.169862432434	-0.260509496419	-0.346073248879	-0.220521758762	-0.299701677036
1812	-0.170418202767	-0.261858215777	-0.348368783021	-0.221504065595	-0.301443005809
1813	-0.164369750068	-0.251634384817	-0.334501962816	-0.213089331691	-0.28951452898
1814	-0.176465042395	-0.273193699569	-0.365039206056	-0.230478944793	-0.315151660866
1815	-0.236086329494	-0.378017059682	-0.511943552387	-0.315466079669	-0.439205590167
1816	-0.305940037309	-0.50077410136	-0.684022778352	-0.415001871178	-0.584484315951
1817	-0.329107458918	-0.541749947007	-0.741969192429	-0.44812670452	-0.633144999239
1818	-0.312003963464	-0.512180263536	-0.701390805528	-0.423969736966	-0.598455028184
1819	-0.281662295703	-0.459416353501	-0.628375182434	-0.380982918224	-0.536356908551
1820	-0.250331481811	-0.404915927486	-0.552881034135	-0.336591055274	-0.472192558098
1821	-0.222166785838	-0.355957490879	-0.485078148635	-0.296704441938	-0.414557198622
1822	-0.197070714251	-0.312378907097	-0.42474229643	-0.261190071582	-0.363258469737
1823	-0.174689726734	-0.273569051016	-0.371021522798	-0.229550241283	-0.317575828653
1824	-0.154676679117	-0.238909762566	-0.323062563411	-0.201283701607	-0.276782663444
1825	-0.136712356364	-0.207841742292	-0.280088527235	-0.175935845614	-0.240220713724
1826	-0.120525518712	-0.17988973046	-0.241439277688	-0.153120380966	-0.207330573908
1827	-0.10590683985	-0.154686787234	-0.206605549606	-0.132539054276	-0.177680400631
1828	-0.0928688196043	-0.132254685622	-0.175620741776	-0.114209224502	-0.151297437828
1829	-0.0823004226361	-0.114142073681	-0.15065610561	-0.0993889176712	-0.130014273368
1830	-0.0800281773843	-0.110608219294	-0.146024127479	-0.0964008394072	-0.125952794274
1831	-0.0906539240117	-0.129695839362	-0.172986827933	-0.11177712275	-0.148621343299
1832	-0.103173739398	-0.152062581373	-0.204573945771	-0.129822197189	-0.175165268075
1833	-0.1043892843	-0.154608801028	-0.208501826744	-0.131777784439	-0.178283366342
1834	-0.110783474937	-0.166220677398	-0.22510599422	-0.141094337248	-0.192115542888
1835	-0.137502976303	-0.213435563952	-0.291474885596	-0.179315706212	-0.248030514606
1836	-0.15955168947	-0.252496470219	-0.346491892875	-0.210908749771	-0.294320173108
1837	-0.159133709923	-0.252216385355	-0.346578620555	-0.210555102677	-0.294123999458
1838	-0.145840855617	-0.229381444934	-0.315157126387	-0.1918865919	-0.267278447624
1839	-0.129677663182	-0.201535387435	-0.276708475698	-0.169144850155	-0.234516672824
1840	-0.115452560712	-0.177105701102	-0.243000873459	-0.149173580034	-0.205794584836
1841	-0.103078686866	-0.155938213901	-0.213825062583	-0.131847561936	-0.180930657145
1842	-0.0916755213881	-0.136493337333	-0.187034785747	-0.115914761709	-0.158108541452
1843	-0.0822126336918	-0.120466750613	-0.16500366358	-0.102752715968	-0.139330881966
1844	-0.0740522700821	-0.106738570007	-0.14617079394	-0.0914526025059	-0.123273571706
1845	-0.0654805202815	-0.0923304297241	-0.126361949143	-0.079592783785	-0.106415206361
1846	-0.0565143667963	-0.077244642462	-0.105588399643	-0.0671809991222	-0.0887544944531
1847	-0.0477592456309	-0.0625256138481	-0.0853131290823	-0.055069197417	-0.0715215317322
1848	-0.0394801021377	-0.0486493395163	-0.0661953895422	-0.0436410708854	-0.0552802817741
1849	-0.0325195044091	-0.0370882597554	-0.0502941287573	-0.0340933948201	-0.0417691592851
1850	-0.0271647259751	-0.0283627921867	-0.038331544266	-0.0268475264886	-0.0315995741068
1851	-0.0222992870745	-0.0204993006365	-0.0275875178148	-0.0202992234158	-0.022451031514
1852	-0.0175355475127	-0.0128570643543	-0.0170699044514	-0.0139344369544	-0.0135350468056
1853	-0.0129890683571	-0.0056384469393	-0.00704974703279	-0.00791837005479	-0.00508862169893
1854	-0.00872359657435	0.00105042222728	0.00223387242055	-0.00232570341857	0.00273054293056
1855	-0.00926679816798	-0.000709722468748	-0.000280265464084	-0.00358949493456	0.00056575079666
1856	-0.0248286797683	-0.0287699070339	-0.0395499113367	-0.0262078884624	-0.0326833923435
1857	-0.0467973304651	-0.0680464513325	-0.0945247776337	-0.0579320868071	-0.0791962961218
1858	-0.0554716129716	-0.0840004239057	-0.116971232261	-0.0707209835886	-0.0981608580674
1859	-0.0519207251635	-0.0785363099151	-0.109507219244	-0.0661194330509	-0.0918181840728
1860	-0.0445927787152	-0.0665826580922	-0.0929011737185	-0.0562356223334	-0.0777897956362
1861	-0.0386463307401	-0.0572401074767	-0.0798197370009	-0.0484521700011	-0.0668201451712
1862	-0.036128144924	-0.0538483985063	-0.075148824113	-0.0454991003789	-0.0629088080295
1863	-0.0333158903178	-0.0498380405271	-0.0697522279508	-0.0420458701305	-0.0583029056853
1864	-0.02803221368	-0.0415004966964	-0.0583037470123	-0.0350792826234	-0.0485819342478
1865	-0.0217739812089	-0.0314887445815	-0.0444974123136	-0.0267504835883	-0.0368764372602
1866	-0.0156281490605	-0.0217861457432	-0.0310609754486	-0.0186609571247	-0.0255207338171
1867	-0.00984582694968	-0.0128284736344	-0.0185994082393	-0.0111649959117	-0.0150299512256
1868	-0.00432174778365	-0.00431168285991	-0.00675409170287	-0.00402839790549	-0.00506096318903
1869	0.000875142135338	0.00372954369849	0.00438139421631	0.0027107704606	0.00433521678404
1870	0.00580925790969	0.0113670532905	0.0149240841366	0.00911554529629	0.0132476253039
1871	0.0102455134512	0.0180244762302	0.0241948734315	0.0147329877041	0.0210235865788
1872	0.0133304746817	0.0220651442078	0.0301017231062	0.0182358257911	0.02578266994
1873	0.0151749081448	0.0237569862242	0.0329362589088	0.0198384740954	0.0278192408147
1874	0.0169998881942	0.0254670302395	0.0357605537727	0.0214526576318	0.0298636242628
1875	0.0184472951395	0.0266235431638	0.0377371748802	0.0226083299824	0.0312323014308
1876	0.0185439483602	0.0255251467378	0.0364955452882	0.0219225303036	0.0299172484887
1877	0.0188243845788	0.0249277735295	0.0358538629837	0.0216250585414	0.0291681808212
1878	0.0204729970845	0.0268359200466	0.03864386696	0.0233518671669	0.0313609908287
1879	0.0229799630356	0.0302249745809	0.0435050973585	0.0262862697514	0.0352995099345
1880	0.0259885119491	0.034294498076	0.0494019887388	0.029800940939	0.0400516834375
1881	0.0292932320622	0.0388104025172	0.0559762752082	0.0336858696678	0.0453410362956
1882	0.0290328290862	0.0371572876721	0.0538355117491	0.0325598134929	0.0433143775837
1883	-0.00118243014824	-0.0169846422661	-0.0217374083605	-0.0111685878	-0.0207764882939
1884	-0.0522489171431	-0.107619321033	-0.148390196619	-0.0845244849746	-0.128015772049
1885	-0.0777339416512	-0.153317550365	-0.212419430121	-0.121405169294	-0.182177729044
1886	-0.0837886796502	-0.164892557642	-0.228865096833	-0.130587416706	-0.196033825935
1887	-0.0848469239671	-0.167727723008	-0.233114554757	-0.132670292735	-0.199566368355
1888	-0.0821155136779	-0.164066665818	-0.228229572908	-0.129461918752	-0.195406156591
1889	-0.0817845783707	-0.164645197753	-0.229262982566	-0.129691449102	-0.196251482308
1890	-0.0830168482392	-0.167959883935	-0.23413988359	-0.132142477219	-0.200329396457
1891	-0.0814606569946	-0.16648043362	-0.232303730712	-0.130688711511	-0.198734884617
1892	-0.0739448859696	-0.15459163708	-0.215922119779	-0.12077927788	-0.184835551271
1893	-0.062060813092	-0.135040529602	-0.188823955862	-0.104653135869	-0.161872613634
1894	-0.047710393019	-0.111153570114	-0.155633885	-0.0850148132953	-0.133769725577
1895	-0.0352933401119	-0.0906776499861	-0.127159650926	-0.0681478145636	-0.109682289041
1896	-0.0292340599847	-0.0813448475639	-0.114251045203	-0.0603273694049	-0.0987628872997
1897	-0.0265921865296	-0.0779682646742	-0.109686717574	-0.0573452890564	-0.0948887790726
1898	-0.0207491539009	-0.0689832071978	-0.0973005067707	-0.0498059196952	-0.0843965687204
1899	-0.0116671157752	-0.0543644576737	-0.0770364093943	-0.0376826741577	-0.0672559515555
1900	-0.00173739542141	-0.0383082561137	-0.0547598251827	-0.0243818456753	-0.04842543938
1901	0.00684588357548	-0.0246356600329	-0.0357568928867	-0.0130168891045	-0.0324011478357
1902	-0.000191142612317	-0.0383620781566	-0.0549976995201	-0.023893657823	-0.0487542896896
1903	-0.019039640399	-0.0728691285527	-0.103304702436	-0.0516223992992	-0.0896833814753
1904	-0.0255254444879	-0.0857816120293	-0.121478486919	-0.0618027825046	-0.105107001621
1905	-0.0190453580443	-0.0760290722869	-0.108007133631	-0.053566926705	-0.093761910991
1906	-0.00973453602651	-0.0614015944268	-0.0876942757781	-0.0413582647337	-0.0766592283729
1907	-0.00198571889612	-0.0496033302014	-0.071317641397	-0.0314307827885	-0.0629024598343
1908	0.00565855844515	-0.0379638376335	-0.0552457168849	-0.021626431768	-0.049356604426
1909	0.0150024117784	-0.0232800557952	-0.0350268912165	-0.00934901473336	-0.0322414311849
1910	0.0246456924782	-0.00810759554743	-0.0141621898494	0.00333686448277	-0.0145615579875
1911	0.0337285240834	0.00606638186929	0.00520845478534	0.0152272054678	0.00190849143112
1912	0.034166824973	0.00510143369767	0.00327351448974	0.0148439960369	0.000440581302796
1913	0.0314641652509	-0.00139883321824	-0.00651359083695	0.00998619714455	-0.00760502710646
1914	0.0368026895132	0.0062555997685	0.0033459469266	0.0166225859983	0.00104593877387
1915	0.0458689642462	0.0205577410653	0.0223821721997	0.0286480678998	0.017527289648
1916	0.0556140384136	0.0360307680025	0.0430344502302	0.0416307062074	0.0353841800776
1917	0.0651151135365	0.0510225265315	0.0630319234312	0.0542309424622	0.0526737336921
1918	0.0740964052563	0.0651025817981	0.0812602574701	0.0660925408199	0.0688825621827
1919	0.0820766392023	0.0775552929961	0.0971224395283	0.076617935007	0.0831551954085
1920	0.0865494929932	0.083893969963	0.104476598896	0.0821758399493	0.0901988140709
1921	0.0902544246551	0.0889700038848	0.110139519364	0.0866912348786	0.095761416566
1922	0.0967346537543	0.0990062191313	0.122777782182	0.0952173132016	0.107188321889
1923	0.103448553023	0.10923285352	0.1358096829	0.103927832118	0.118852196936
1924	0.109418898385	0.118012390954	0.146923095913	0.111483246473	0.128813722853
1925	0.115432335923	0.126870474401	0.158152371709	0.119105753254	0.138858344514
1926	0.121746826217	0.136253176866	0.170136957199	0.127156494038	0.149517847645
1927	0.127806770363	0.145165028031	0.18153917623	0.134823222963	0.159635249048
1928	0.131901316396	0.150605056559	0.188162991712	0.1396711286	0.165661494502
1929	0.134246044865	0.152946363874	0.190477557799	0.142009178245	0.16802352604
1930	0.137590905426	0.157083757791	0.195300623582	0.145800105339	0.172503723425
1931	0.141815570856	0.162937536647	0.202469647612	0.150960394331	0.179003236765
1932	0.144932609782	0.167012071107	0.207107366049	0.154654310887	0.183390455768
1933	0.148413494623	0.171759743215	0.212672084888	0.158890859307	0.188568455165
1934	0.153322826311	0.178938819869	0.22167235257	0.165111394628	0.196623390971
1935	0.158715093676	0.186909367446	0.231806866913	0.171981876272	0.205617439459
1936	0.164607871125	0.195717424538	0.243176376611	0.179532890107	0.215616235106
1937	0.170218519309	0.204006526803	0.253857190282	0.186663027102	0.225010565004
1938	0.175045567745	0.211048409994	0.262756301909	0.192763695372	0.232923081972
1939	0.179661541525	0.217814168395	0.271263271382	0.198624247138	0.240512384075
1940	0.184539830884	0.224947327122	0.280343072617	0.204793653549	0.248546627758
1941	0.189174192929	0.231550901528	0.288756878401	0.210542732829	0.255971957433
1942	0.192481661688	0.235782864522	0.293934668998	0.214365766673	0.260614798502
1943	0.195231123395	0.238985125049	0.297691724062	0.217360072109	0.264042960113
1944	0.198663122578	0.24328553387	0.302983010181	0.221264432828	0.268761117323
1945	0.202529671768	0.248275876823	0.309214288745	0.22574497839	0.274282426488
1946	0.206599660252	0.253567235121	0.315932552932	0.230471797783	0.28017700831
1947	0.210272431233	0.258002406859	0.3215668689	0.234518244816	0.285086520311
1948	0.213763705403	0.261891209166	0.326475414298	0.238158339632	0.289346662788
1949	0.216779666942	0.2648181743	0.329997644918	0.24104614448	0.29244799795
1950	0.219377922776	0.266856762515	0.332237600062	0.24324678324	0.294474566645
1951	0.221455073177	0.267901670101	0.333354600677	0.244621328193	0.295409180582
1952	0.222885493489	0.267793880643	0.333115224419	0.245031302292	0.29506305844
1953	0.224135511728	0.267176720282	0.33207790938	0.245073861131	0.294074081737
1954	0.225875844305	0.2672200557	0.331870427545	0.245701428735	0.293820605596
1955	0.228945327207	0.269432600508	0.334639696544	0.248126262966	0.296102805612
1956	0.233192867939	0.273543464831	0.340017369701	0.252128964803	0.300601753839
1957	0.238335865401	0.279040250022	0.347260066847	0.257299624944	0.306703302692
1958	0.243735201026	0.284845687252	0.354811795951	0.26276308708	0.31311837844
1959	0.249070431442	0.290375780372	0.361691565477	0.268069811551	0.319102720791
1960	0.252043049381	0.2915704415	0.362197598573	0.269934395115	0.319843683179
1961	0.251879138343	0.287137770468	0.354845204031	0.267254085503	0.313926857774
1962	0.249487272439	0.278657560661	0.341875460839	0.261309530534	0.303228125356
1963	0.232031842624	0.243630726323	0.291647817005	0.233861039595	0.261090347889
1964	0.205412417593	0.192406506265	0.218602011921	0.193311209824	0.199737797396
1965	0.193498118868	0.166794699063	0.181076941489	0.173614991082	0.168562243047
1966	0.197008454211	0.168053211213	0.180837538493	0.175794965209	0.169050219229
1967	0.205791237873	0.178357143716	0.193029571721	0.185378949012	0.180151581978
1968	0.208384819434	0.177615662111	0.189568564516	0.186060872145	0.178111514409
1969	0.20975036676	0.174596357692	0.182629442524	0.184953723232	0.173274981834
1970	0.22052243549	0.188049700742	0.198355690316	0.197265764233	0.18779121296
1971	0.237239976899	0.211793331252	0.228024481338	0.218009375885	0.214320150993
1972	0.255014247421	0.236999082062	0.259368443341	0.24006098689	0.242425952744
1973	0.270745747297	0.258287841997	0.285050474894	0.259020309584	0.26581684954
1974	0.281043990575	0.269830837564	0.297027673041	0.270120695592	0.277643428283
1975	0.28810619441	0.275461303539	0.300603359665	0.276481774577	0.282421586853
1976	0.299966489379	0.289330719737	0.315656289705	0.289568126662	0.296911973075
1977	0.317466098762	0.312944070092	0.344283271355	0.310596163368	0.322896931254
1978	0.33461347201	0.335813398962	0.371690984702	0.331068076779	0.347932379244
1979	0.351785142863	0.35867785724	0.398909230186	0.351567438802	0.372900742511
1980	0.370868548137	0.384709361087	0.430469877557	0.374683148248	0.401570224586
1981	0.386884437781	0.405239182068	0.454399770065	0.393346428704	0.423750489426
1982	0.379511027033	0.38497369136	0.421633812239	0.378815862536	0.397825664973
1983	0.364299368917	0.351133530181	0.370100254622	0.353207248131	0.355936336368
1984	0.370394130905	0.354706481329	0.370849465332	0.357955806031	0.358273623426
1985	0.386925761912	0.376689089698	0.397315022324	0.377626717268	0.382379647556
1986	0.405061367108	0.401611989236	0.427945299482	0.399654618001	0.40998595105
1987	0.424052678097	0.428117976162	0.460840771627	0.422945193819	0.439488408308
1988	0.444649559969	0.45747835774	0.49769853348	0.448550691089	0.47235514202
1989	0.466070739271	0.488376362097	0.536634489203	0.475394890371	0.507025515393
1990	0.486667846988	0.518040237618	0.573887198475	0.501193452536	0.54026269465
1991	0.474452363408	0.490683744531	0.531794097113	0.480569296924	0.506248578986
1992	0.443912615763	0.43169651486	0.445864225825	0.434129884788	0.434999895112
1993	0.441767421278	0.422887694312	0.43018677686	0.428326393853	0.423139853266
1994	0.458791452917	0.448166064574	0.462337424809	0.450079819573	0.451665417794
1995	0.481280520366	0.48347879395	0.508644295955	0.479878526946	0.492127916114
1996	0.504645165732	0.520710415925	0.557777892022	0.511148221212	0.534928498676
1997	0.527704951441	0.557474596418	0.606467169885	0.541999363784	0.577251917643
1998	0.551048202413	0.594552306748	0.655780729176	0.57311767104	0.619989961581
1999	0.574540292304	0.631784400247	0.705445450654	0.604363298439	0.662949941221
2000	0.5970860265	0.667342828047	0.75305459232	0.634218164718	0.704020431575
2001	0.618197523755	0.700507107027	0.797581261874	0.662072924987	0.742358190971
2002	0.638062671101	0.731679616845	0.839440246516	0.688262818371	0.778387891879
2003	0.656730228469	0.760877119709	0.878597100957	0.712819083664	0.812112234864
2004	0.674273261002	0.788242061075	0.915319980311	0.73584795028	0.843717406164
2005	0.689317162643	0.811465511061	0.946339004542	0.755459191057	0.870473928183
2006	0.700117186175	0.827629646734	0.967497380029	0.769271043149	0.888909428749
2007	0.708902137649	0.840663819002	0.984199402862	0.780476960351	0.90364896241
2008	0.718242144173	0.854994880027	1.0026149394	0.792689824889	0.919907172327
2009	0.728588381091	0.871345065456	1.02370173318	0.806512612784	0.938523123144
2010	0.740265711329	0.890169795681	1.04814524676	0.822332818152	0.960036031172
2011	0.752619968381	0.910165794427	1.07417249618	0.83911227252	0.982918364334
2012	0.765297477713	0.930614190598	1.1007957664	0.856286580616	1.0063113894
2013	0.778120157308	0.951184306781	1.12749252887	0.873595331515	1.02981105545
2014	0.790868869981	0.971497611512	1.15375670365	0.89073043748	1.05296972664
2015	0.803608290119	0.991668119142	1.17971447362	0.907785296448	1.07591963275
2016	0.81686630013	1.01262197808	1.20667962823	0.925512319011	1.09975355697
2017	0.830562866241	1.03422112597	1.23442995813	0.943799408959	1.12430745086
2018	0.844692041264	1.05645817008	1.26298073353	0.962640163586	1.14957240442
2019	0.859222579818	1.07929081795	1.29227070008	0.981997403325	1.17549972276
2020	0.874128808965	1.10271415733	1.32229456902	1.00185891729	1.20208765267
2021	0.88916044197	1.12667186368	1.35352367322	1.0220378632	1.22947725971
2022	0.904386246008	1.15126741396	1.3860671968	1.04262554252	1.25777850991
2023	0.919677161444	1.1762598388	1.41955813505	1.06343263385	1.28669604571
2024	0.934825499936	1.20127107497	1.45344075741	1.08415811836	1.31577336239
2025	0.949551934433	1.22579758205	1.48698569297	1.1043989654	1.34440612352
2026	0.963745077055	1.24962983598	1.51987535926	1.12399082303	1.37233774174
2027	0.977508461358	1.27293453188	1.55231872833	1.14307478427	1.39975650289
2028	0.990703682326	1.29545441231	1.5839337029	1.16144764881	1.4263499847
2029	1.00324302333	1.31702132724	1.61446377307	1.17897838327	1.45191144304
2030	1.01524981042	1.33783712613	1.64417036195	1.19583619211	1.47667175813
2031	1.02653581799	1.35755816077	1.67255397342	1.21174720296	1.50021749426
2032	1.03713469095	1.37623003654	1.69965983655	1.22675335193	1.52259560154
2033	1.04707754908	1.3938943011	1.72552848675	1.24089309676	1.54384856782
2034	1.05639316837	1.41058886474	1.75019640514	1.25420172681	1.56401494457
2035	1.0651081624	1.42634837264	1.77369654308	1.26671165072	1.58312979517
2036	1.07324714677	1.44120451766	1.79605873654	1.27845264585	1.6012250612
2037	1.08083288879	1.45518630874	1.81731004318	1.28945207794	1.61832986931
2038	1.08788645212	1.46832031915	1.83747504296	1.29973510804	1.63447081041
2039	1.09442732446	1.48063089822	1.85657608358	1.30932487204	1.6496721735
2040	1.10047353372	1.49214035903	1.87463349088	1.318242642	1.66395615025
2041	1.10604175813	1.50286915323	1.89166576119	1.32650797762	1.67734302384
2042	1.11114741934	1.51283601506	1.90768971193	1.33413885305	1.68985132173
2043	1.11580477037	1.52205809619	1.92272062099	1.34115177619	1.70149795787
2044	1.12002698235	1.53055109846	1.93677236545	1.34756190614	1.71229837308
2045	1.12382621787	1.53832938377	1.94985753072	1.3533831519	1.72226664917
2046	1.12721370405	1.54540608401	1.96198752232	1.35862827062	1.73141562385
2047	1.13019979301	1.55179318974	1.97317265062	1.36330894828	1.73975698147
2048	1.13279401447	1.55750162586	1.98342219995	1.36743586936	1.74730132914
2049	1.13500513121	1.5625413332	1.99274450859	1.37101879082	1.7540582808
2050	1.13684118571	1.56692133555	2.00114703086	1.37406660381	1.76003652485
2051	1.13830954318	1.57064980109	2.00863639399	1.37658739042	1.76524388615
2052	1.13941693548	1.57373410656	2.01521846092	1.37858848204	1.76968739191
2053	1.14016949457	1.57618088376	2.02089837082	1.38007650307	1.77337331761
2054	1.14057278641	1.57799606782	2.02568058415	1.38105741546	1.77630723573
2055	1.14063184852	1.57918495276	2.02956893997	1.3815365688	1.77849407386
2056	1.14035121842	1.57975223198	2.03256669415	1.38151873772	1.77993815575
2057	1.13979529013	1.57980709788	2.03482295489	1.38109367429	1.78076717888
2058	1.13901590562	1.57943884838	2.03646093627	1.38033438098	1.78108601135
2059	1.13805539723	1.5787211249	2.03758302954	1.37930083947	1.78098139468
2060	1.13694875136	1.57771511837	2.03827476529	1.37804277771	1.78052554955
2061	1.1357251609	1.57647200093	2.03860790827	1.37660173229	1.77977894452
2062	1.13440916951	1.57503480916	2.03864292157	1.37501262029	1.77879246516
2063	1.13302153238	1.57343991902	2.03843094443	1.37330495372	1.77760913022
2064	1.13157986559	1.57171819263	2.03801536153	1.3715037736	1.77626543689
2065	1.13009915182	1.56989588977	2.03743307202	1.36963038649	1.77479243744
2066	1.12859214249	1.56799540079	2.03671552351	1.36770295346	1.77321660917
2067	1.12706968151	1.5660358381	2.03588955476	1.36573696415	1.77156055888
2068	1.12554097942	1.56403353431	2.03497810921	1.36374563591	1.76984361704
2069	1.12401383856	1.56200244759	2.03400081745	1.36174023902	1.76808232143
2070	1.12249483759	1.5599544897	2.03297446897	1.35973036065	1.76629080837
2071	1.12098949491	1.55789981187	2.03191342189	1.35772413585	1.76448115284
2072	1.11950240374	1.55584703727	2.03082993487	1.35572843626	1.76266364439
2073	1.11803735605	1.55380347101	2.02973446485	1.35374904151	1.76084703555
2074	1.11659745531	1.55177528886	2.02863593273	1.35179079397	1.75903876436
2075	1.11518520638	1.54976768491	2.02754192968	1.34985772052	1.75724512777
2076	1.11380259398	1.54778499873	2.02645889332	1.34795313796	1.75547143033
2077	1.11245115162	1.54583082589	2.02539225968	1.34607974511	1.7537221131
2078	1.11113202012	1.54390811057	2.0243465891	1.34423970032	1.75200086107
2079	1.1098460066	1.54201923955	2.02332569383	1.34243470001	1.75031071228
2080	1.10859363208	1.54016611699	2.02233273844	1.34066604167	1.74865414416
2081	1.10737516757	1.53835021971	2.02137031277	1.33893467067	1.7470331369
2082	1.10619067155	1.53657265584	2.02044050985	1.33724122983	1.74544924094
2083	1.10504001747	1.53483420665	2.01954498028	1.33558609506	1.74390362467
2084	1.10392292473	1.53313537545	2.01868499678	1.33396941656	1.74239713061
2085	1.102838991	1.53147643927	2.0178615229	1.33239116216	1.74093033507
2086	1.10178771181	1.52985747929	2.01707525225	1.33085114319	1.73950358281
2087	1.10076849764	1.52827840721	2.01632664248	1.32934903695	1.73811701705
2088	1.099780689	1.52673898887	2.01561594559	1.32788440668	1.73677060635
2089	1.09882356756	1.5252388614	2.01494322958	1.3264567163	1.73546416404
2090	1.09789637353	1.52377756179	2.01430841631	1.32506535417	1.73419738121
2091	1.09699831655	1.52235454462	2.01371130446	1.32370964797	1.73296984699
2092	1.09612857946	1.52096918742	2.01315157552	1.32238886952	1.73178105443
2093	1.09528632726	1.5196208058	2.01262881364	1.32110224731	1.73063041783
2094	1.09447070952	1.51830865707	2.01214250952	1.31984896967	1.72951727677
2095	1.09368086918	1.5170319556	2.01169208103	1.31862819744	1.72844091386
2096	1.09291595538	1.51578989514	2.01127690363	1.31743908211	1.72740058101
2097	1.09217512587	1.51458165332	2.01089631615	1.31628076963	1.72639550453
2098	1.09145754892	1.51340639536	2.01054962548	1.31515240331	1.72542488944
2099	1.09076240512	1.51226327763	2.01023611135	1.31405312671	1.72448792366
2100	1.0900888868	1.51115144726	2.00995502549	1.31298208326	1.72358377745
2101	1.0894362051	1.51007005519	2.00970560984	1.31193842673	1.72271161895
2102	1.08880359185	1.50901826029	2.00948710228	1.31092132442	1.72187061902
2103	1.0881902954	1.50799522272	2.00929872743	1.30992995167	1.72105994353
2104	1.08759558268	1.50700010854	2.00913970317	1.3089634954	1.72027875889
2105	1.08701873549	1.50603208401	2.00900923292	1.30802114929	1.7195262254
2106	1.08645905407	1.5050903228	2.00890651591	1.30710211951	1.71880150596
2107	1.08591586524	1.50417402114	2.00883076855	1.30620563673	1.71810378409
2108	1.08538852081	1.50328239606	2.00878122234	1.30533095455	1.71743226194
2109	1.08487639603	1.5024146835	2.00875712152	1.30447734777	1.71678615836
2110	1.08437888833	1.50157013707	2.00875772171	1.30364411111	1.71616470748
2111	1.0838954141	1.5007480234	2.00878228373	1.30283055528	1.71556715343
2112	1.08342541352	1.49994763145	2.00883008699	1.30203601429	1.71499276153
2113	1.08296835054	1.49916827336	2.0089004311	1.30125984599	1.71444081946
2114	1.08252370699	1.49840927502	2.00899262302	1.30050142415	1.71391062629
2115	1.08209098324	1.49766997814	2.00910598038	1.29976013997	1.71340149511
2116	1.08166969332	1.49694973243	2.0092398209	1.29903539551	1.71291274392
2117	1.08125936744	1.49624790093	2.00939347023	1.29832660785	1.71244370217
2118	1.0808595593	1.49556387349	2.00956628119	1.29763321983	1.71199372681
2119	1.08046984382	1.49489706363	2.00975762972	1.29695469734	1.71156219874
2120	1.08008981498	1.49424690544	2.00996691097	1.2962905266	1.71114851936
2121	1.07971908409	1.4936128513	2.01019353644	1.29564021212	1.71075210798
2122	1.07935727625	1.49299436627	2.01043692656	1.29500327203	1.71037239539
2123	1.07900403486	1.49239093671	2.01069652305	1.29437924487	1.71000883417
2124	1.07865902138	1.49180207048	2.01097178949	1.29376768962	1.70966089905
2125	1.07832190929	1.49122728687	2.01126219775	1.29316817738	1.70932807526
2126	1.07799238467	1.49066611833	2.01156723053	1.29258029258	1.70900986055
2127	1.07767014123	1.49011810217	2.01188637022	1.29200362617	1.70870575565
2128	1.07735488287	1.48958278562	2.01221910622	1.29143777956	1.70841527032
2129	1.07704633095	1.48905973907	2.01256495373	1.29088237524	1.70813793912
2130	1.0767442221	1.4885485527	2.01292344931	1.29033705395	1.70787331755
2131	1.07644830613	1.48804883324	2.01329414668	1.28980147186	1.70762097833
2132	1.07615834438	1.48756020153	2.0136766136	1.28927529859	1.70738050867
2133	1.0758741063	1.48708228691	2.01407042419	1.28875821243	1.7071515037
2134	1.07559537404	1.48661473571	2.01447517114	1.28824990721	1.70693357662
2135	1.07532194239	1.48615721141	2.01489046617	1.2877500923	1.706726359
2136	1.07505361286	1.48570938467	2.01531592627	1.28725848443	1.70652948908
2137	1.07479019439	1.48527093493	2.0157511762	1.2867748089	1.70634261375
2138	1.07453149856	1.48484154226	2.01619583731	1.28629879285	1.70616537901
2139	1.07427734226	1.48442089238	2.01664953474	1.28583016931	1.705997436
2140	1.07402755514	1.48400868998	2.01711191626	1.2853686879	1.70583845677
2141	1.0737819776	1.48360465542	2.01758264777	1.28491411209	1.70568813051
2142	1.07354045879	1.48320852155	2.01806140913	1.28446621652	1.70554615983
2143	1.07330285519	1.48282003134	2.018547891	1.28402478508	1.70541225808
2144	1.07306902725	1.48243893237	2.01904178729	1.28358960627	1.70528614283
2145	1.07283884425	1.48206498538	2.01954280728	1.28316048019	1.70516754611
2146	1.07261218428	1.48169796456	2.02005067616	1.28273721863	1.70505621476
2147	1.07238892851	1.4813376476	2.02056512136	1.282319637	1.70495189878
2148	1.07216896206	1.48098381747	2.02108587503	1.2819075557	1.70485435342
2149	1.0719521693	1.48063625429	2.02161266294	1.28150079344	1.70476332971
2150	1.07173843671	1.48029474049	2.02214521175	1.28109917145	1.70467858052
2151	1.07152766041	1.47995907421	2.02268326786	1.28070252426	1.7045998765
2152	1.07131974431	1.47962906609	2.02322659302	1.28031069709	1.70452700232
2153	1.07111459822	1.47930453616	2.0237749602	1.27992354328	1.70445975305
2154	1.07091213656	1.47898531164	2.0243281505	1.27954092241	1.70439793156
2155	1.07071227509	1.47867122142	2.02488594561	1.27916269589	1.70434134208
2156	1.07051493592	1.47836210477	2.02544814009	1.27878873391	1.70428980053
2157	1.07032004755	1.4780578117	2.0260145419	1.27841891572	1.70424313494
2158	1.0701275393	1.47775819311	2.02658495879	1.27805312163	1.70420117387
2159	1.06993734221	1.47746310259	2.0271592009	1.27769123445	1.70416374861
2160	1.06974938449	1.47717238846	2.02773706967	1.27733313293	1.70413068373
2161	1.06956359447	1.47688589895	2.0283183652	1.27697869605	1.70410180328
2162	1.06937990819	1.47660349572	2.02890290512	1.27662781387	1.70407694675
2163	1.06919826763	1.47632505068	2.02949052034	1.276280385	1.70405596539
2164	1.06901861897	1.47605044301	2.03008105087	1.27593631414	1.70403871869
2165	1.06884091126	1.475779557	2.03067434288	1.27559551025	1.70402507183
2166	1.06866509335	1.47551227657	2.0312702412	1.27525788221	1.70401488929
2167	1.06849111889	1.47524849414	2.03186860159	1.27492334587	1.70400804527
2168	1.06831894646	1.47498811094	2.03246929141	1.27459182436	1.70400442415
2169	1.06814853407	1.47473102732	2.03307217601	1.2742632402	1.70400390902
2170	1.06797984013	1.47447714458	2.03367712142	1.27393751674	1.70400638385
2171	1.06781281897	1.47422635703	2.03428398325	1.27361457177	1.70401172419
2172	1.06764742377	1.47397855732	2.03489261415	1.27329432174	1.70401980337
2173	1.06748361433	1.47373364991	2.03550288276	1.27297669277	1.70403050855
2174	1.06732135525	1.47349154803	2.03611466941	1.27266161812	1.70404373706
2175	1.06716061429	1.47325217072	2.03672786206	1.2723490358	1.70405939295
2176	1.06700136108	1.47301544067	2.03734235338	1.2720388868	1.70407738448
2177	1.0668435641	1.47278127893	2.0379580333	1.27173111079	1.70409761781
2178	1.06668719568	1.47254961367	2.03857480132	1.2714256532	1.70412000742
2179	1.06653223226	1.47232038062	2.03919256723	1.27112246563	1.70414447665
2180	1.06637864884	1.47209351342	2.03981123751	1.27082149795	1.70417094624
2181	1.06622642005	1.47186894548	2.04043071809	1.2705226998	1.70419933661
2182	1.06607551566	1.4716466021	2.04105090328	1.27022601425	1.7042295585
2183	1.06592590361	1.47142640578	2.04167168326	1.26993138204	1.7042615193
2184	1.06577755772	1.47120828982	2.04229296307	1.26963875266	1.70429513911
2185	1.06563045602	1.47099219526	2.04291465832	1.26934808183	1.70433034709
2186	1.065484579	1.47077806794	2.04353669123	1.26905932915	1.70436707808
2187	1.06533990848	1.47056585646	2.04415898768	1.26877245636	1.70440527012
2188	1.06519642453	1.47035550681	2.0447814698	1.26848742309	1.70444485814
2189	1.06505411057	1.47014697123	2.04540406833	1.26820419396	1.70448578447
2190	1.06491295356	1.46994020871	2.04602672335	1.26792273902	1.70452799937
2191	1.06477293856	1.46973517529	2.04664937074	1.26764302585	1.70457144961
2192	1.06463404979	1.469531826	2.04727194492	1.26736502118	1.70461608078
2193	1.06449626615	1.46933010701	2.04789436787	1.26708868443	1.70466182797
2194	1.06435956429	1.46912996094	2.04851655658	1.26681397214	1.70470862212
2195	1.06422392635	1.46893134051	2.0491384421	1.26654084894	1.70475640608
2196	1.06408933826	1.46873420549	2.04975996529	1.26626928512	1.70480513104
2197	1.06395578806	1.46853851981	2.05038107284	1.26599925429	1.70485475314
2198	1.06382326476	1.4683442495	2.05100171438	1.26573073169	1.70490523099
2199	1.06369175531	1.46815135738	2.05162183506	1.26546368989	1.70495651948
2200	1.06356124964	1.46795981194	2.05224138799	1.26519810597	1.70500858017
2201	1.06343174097	1.46776958783	2.05286033493	1.26493396195	1.70506138196
2202	1.0633032203	1.46758065621	2.05347863278	1.26467123697	1.70511488965
2203	1.06317567751	1.4673929867	2.05409623638	1.2644099088	1.70516906626
2204	1.06304909691	1.46720653953	2.05471308749	1.26414994756	1.70522386374
2205	1.06292346029	1.46702127095	2.05532912233	1.26389132001	1.70527922933
2206	1.06279875472	1.46683714676	2.05594429056	1.26363400065	1.70533512166
2207	1.06267497079	1.46665413938	2.05655855114	1.26337796926	1.70539150717
2208	1.06255210104	1.46647222497	2.05717186829	1.26312320857	1.70544835678
2209	1.06243014343	1.46629138959	2.0577842202	1.26286970928	1.70550565312
2210	1.06230909561	1.46611161906	2.05839558481	1.26261746185	1.70556337864
2211	1.06218895002	1.46593289045	2.0590059279	1.26236644953	1.70562150544
2212	1.06206969869	1.46575518046	2.05961521488	1.26211665522	1.70568000524
2213	1.06195133432	1.46557846729	2.06022341328	1.26186806295	1.70573885159
2214	1.06183385054	1.4654027311	2.06083049355	1.26162065831	1.70579802041
2215	1.06171723805	1.46522794727	2.06143641948	1.26137442288	1.70585748196
2216	1.06160148877	1.46505409355	2.06204115835	1.26112934017	1.70591720942
2217	1.06148660147	1.4648811601	2.06264469481	1.26088540362	1.70597719062
2218	1.0613725785	1.46470914362	2.0632470228	1.26064261197	1.70603742121
2219	1.06125942485	1.4645380457	2.06384814323	1.26040096785	1.70609790266
2220	1.06114714764	1.46436787197	2.06444806275	1.2601604771	1.70615864125
2221	1.06103575332	1.4641986272	2.06504678695	1.25992114478	1.70621964231
2222	1.06092524683	1.46403031375	2.06564431824	1.25968297396	1.70628090838
2223	1.06081563294	1.46386293399	2.0662406591	1.25944596763	1.70634244206
2224	1.06070691671	1.46369649104	2.06683581326	1.25921012933	1.7064042469
2225	1.060599103	1.46353098794	2.0674297844	1.25897546249	1.70646632638
2226	1.06049219153	1.46336641898	2.06802256419	1.25874196335	1.7065286737
2227	1.06038617979	1.4632027748	2.06861413928	1.25850962514	1.70659127784
2228	1.06028106733	1.46304004986	2.06920450175	1.25827844414	1.70665413226
2229	1.06017685082	1.46287823385	2.06979363721	1.2580484127	1.70671722491
2230	1.06007352158	1.46271730732	2.07038151855	1.25781951567	1.70678053292
2231	1.05997106356	1.4625572381	2.07096810102	1.25759172754	1.70684401847
2232	1.05986944929	1.46239797424	2.07155331234	1.2573650067	1.7069076204
2233	1.05976863813	1.46223944098	2.07213704838	1.25713929294	1.70697125058
2234	1.05966857742	1.46208154265	2.07271917588	1.25691450907	1.70703479624
2235	1.05956920341	1.46192416438	2.07329953475	1.25669056223	1.7070981219
2236	1.05947044221	1.46176717374	2.07387794037	1.25646734532	1.70716107135
2237	1.05937220741	1.46161041652	2.07445417763	1.25624473346	1.70722346263
2238	1.05927440646	1.46145372799	2.0750280167	1.25602259324	1.70728510135
2239	1.05917694962	1.46129694847	2.07559923469	1.25580079531	1.70734579905
2240	1.05907975052	1.46113992435	2.07616761717	1.25557921524	1.70740537446
2241	1.05898272976	1.46098251442	2.07673296695	1.25535773864	1.70746366096
2242	1.05888581934	1.46082459757	2.07729511485	1.25513626737	1.70752051564
2243	1.05878896479	1.46066607653	2.07785392502	1.2549147227	1.7075758238
2244	1.05869212904	1.46050688468	2.07840930438	1.25469305069	1.70762950695
2245	1.05859529788	1.46034699557	2.07896121599	1.25447123001	1.70768153407
2246	1.05849848364	1.46018642932	2.07950968811	1.25424927715	1.70773192927
2247	1.05840172668	1.46002525536	2.08005481796	1.25402724853	1.70778077492
2248	1.05830509121	1.45986358499	2.08059676145	1.25380523458	1.70782820294
2249	1.05820866742	1.45970157516	2.08113573848	1.25358336271	1.70787439929
2250	1.05811257361	1.45953943214	2.08167203816	1.25336180035	1.70791960828
2251	1.05801694785	1.45937739699	2.08220599852	1.25314074311	1.70796411547
2252	1.05792194097	1.45921573326	2.08273798938	1.25292040481	1.70800823309
2253	1.05782770933	1.45905471428	2.08326839463	1.25270100714	1.70805228506
2254	1.05773440504	1.45889460607	2.08379758832	1.25248276578	1.70809658677
2255	1.05764216839	1.45873565411	2.08432591625	1.25226587969	1.70814142947
2256	1.05755112336	1.45857807537	2.08485368472	1.25205052463	1.70818707083
2257	1.05746137329	1.45842205085	2.08538115016	1.25183684707	1.70823372612
2258	1.0573729972	1.45826771905	2.08590850988	1.25162495892	1.70828156045
2259	1.05728604334	1.45811516471	2.08643588638	1.2514149284	1.70833067552
2260	1.05720053236	1.45796442434	2.08696333494	1.25120678454	1.70838111605
2261	1.05711646348	1.45781549704	2.0874908587	1.25100052592	1.70843288262
2262	1.05703381305	1.45766834195	2.08801840512	1.25079611868	1.70848592861
2263	1.05695253659	1.4575228819	2.0885458709	1.25059349943	1.70854016449
2264	1.05687257218	1.45737900919	2.08907311017	1.25039257997	1.70859546469
2265	1.05679384205	1.45723658852	2.0895999384	1.25019324968	1.70865167101
2266	1.05671625646	1.45709546369	2.09012614182	1.24999538096	1.70870860049
2267	1.05663971974	1.45695546824	2.09065149223	1.24979883786	1.70876605809
2268	1.05656413538	1.45681643427	2.09117575929	1.24960348327	1.70882384697
2269	1.05648940968	1.45667819891	2.09169871958	1.24940918413	1.70888177627
2270	1.05641545066	1.45654060238	2.09222015389	1.24921580993	1.7089396587
2271	1.05634217424	1.45640349879	2.0927398623	1.2490232414	1.70899732339
2272	1.05626951127	1.45626676846	2.0932576814	1.24883138057	1.70905463041
2273	1.05619740489	1.45613031332	2.09377347788	1.24864014699	1.70911146532
2274	1.05612580976	1.45599405549	2.09428714662	1.24844947663	1.70916773757
2275	1.05605469122	1.45585793588	2.0947986087	1.24825932068	1.70922337878
2276	1.05598402196	1.45572190831	2.09530780321	1.24806964083	1.70927833584
2277	1.05591378038	1.45558593664	2.09581468328	1.24788040691	1.70933256749
2278	1.0558439512	1.45544999583	2.09631921757	1.24769159774	1.70938604562
2279	1.05577452526	1.45531407162	2.09682138979	1.2475032009	1.70943875481
2280	1.05570549855	1.45517815879	2.09732119632	1.2473152113	1.7094906904
2281	1.05563686711	1.45504225227	2.09781863383	1.24712762395	1.70954184788
2282	1.05556863009	1.45490635246	2.0983137066	1.2469404383	1.70959222921
2283	1.05550079439	1.45477047339	2.09880643804	1.24675366486	1.70964185249
2284	1.05543337056	1.45463463547	2.09929686055	1.24656731929	1.70969074338
2285	1.05536637112	1.45449886264	2.09978501152	1.24638142014	1.70973893172
2286	1.05529980959	1.45436318063	2.10027093089	1.24619598735	1.7097864495
2287	1.0552336974	1.45422761153	2.10075465358	1.24601103793	1.7098333244
2288	1.0551680429	1.45409217206	2.10123620712	1.24582658452	1.70987957781
2289	1.05510285286	1.45395687622	2.10171561525	1.24564263751	1.7099252279
2290	1.05503813014	1.45382173119	2.10219289229	1.24545920176	1.7099702848
2291	1.05497387826	1.45368674534	2.10266805422	1.24527628309	1.71001476006
2292	1.05491010412	1.45355193298	2.10314112542	1.24509389214	1.71005867229
2293	1.05484681355	1.45341730662	2.10361212775	1.24491203804	1.71010203793
2294	1.05478401145	1.45328287712	2.10408108087	1.2447307286	1.71014487155
2295	1.05472170187	1.45314865392	2.10454800248	1.24454997046	1.71018718602
2296	1.05465988813	1.45301464518	2.10501290857	1.24436976923	1.71022899273
2297	1.05459857289	1.45288085795	2.10547581357	1.24419012958	1.71027030175
2298	1.05453775823	1.45274729828	2.1059367306	1.24401105537	1.710311122
2299	1.0544774457	1.45261397135	2.10639567158	1.24383254975	1.71035146137
2300	1.05441763642	1.45248088156	2.10685264741	1.24365461522	1.71039132685
2301	1.05435833108	1.45234803262	2.10730766804	1.24347725373	1.71043072462
2302	1.05429953002	1.45221542767	2.10776074263	1.24330046673	1.71046966018
2303	1.05424123328	1.45208306927	2.10821187963	1.24312425522	1.7105081384
2304	1.05418344061	1.45195095954	2.10866108687	1.24294861984	1.7105461636
2305	1.05412615149	1.45181910019	2.10910837163	1.24277356085	1.71058373963
2306	1.05406936521	1.45168749255	2.1095537407	1.24259907824	1.7106208699
2307	1.05401308085	1.45155613765	2.10999720048	1.24242517172	1.71065755749
2308	1.05395729734	1.45142503621	2.11043875699	1.24225184077	1.71069380511
2309	1.05390201344	1.45129418875	2.11087841592	1.24207908467	1.71072961521
2310	1.05384722778	1.45116359553	2.11131618271	1.24190690252	1.71076498999
2311	1.05379293889	1.45103325664	2.11175206253	1.24173529326	1.71079993145
2312	1.05373914516	1.450903172	2.11218606036	1.24156425568	1.71083444136
2313	1.05368584494	1.45077334141	2.11261818101	1.24139378847	1.71086852136
2314	1.05363303646	1.45064376451	2.11304842912	1.24122389021	1.71090217295
2315	1.0535807179	1.45051444085	2.1134768092	1.24105455937	1.71093539747
2316	1.05352888738	1.45038536989	2.11390332565	1.24088579437	1.7109681962
2317	1.05347754296	1.45025655101	2.11432798278	1.24071759353	1.7110005703
2318	1.05342668266	1.45012798349	2.11475078482	1.24054995514	1.71103252086
2319	1.05337630445	1.4499996666	2.11517173592	1.24038287741	1.71106404891
2320	1.05332640628	1.44987159951	2.11559084019	1.24021635854	1.7110951554
2321	1.05327698606	1.44974378139	2.11600810169	1.24005039667	1.71112584127
2322	1.05322804169	1.44961621135	2.11642352444	1.2398849899	1.71115610739
2323	1.05317957102	1.44948888848	2.11683711243	1.23972013633	1.71118595461
2324	1.0531315719	1.44936181182	2.11724886965	1.23955583402	1.71121538375
2325	1.05308404218	1.44923498044	2.11765880003	1.23939208103	1.71124439562
2326	1.05303697966	1.44910839334	2.11806690754	1.23922887537	1.71127299099
2327	1.05299038217	1.44898204954	2.11847319611	1.23906621508	1.71130117064
2328	1.0529442475	1.44885594805	2.11887766968	1.23890409817	1.71132893534
2329	1.05289857344	1.44873008787	2.11928033219	1.23874252265	1.71135628584
2330	1.0528533578	1.44860446798	2.11968118758	1.23858148651	1.71138322289
2331	1.05280859835	1.44847908738	2.1200802398	1.23842098777	1.71140974725
2332	1.05276429288	1.44835394505	2.1204774928	1.23826102441	1.71143585968
2333	1.05272043918	1.44822904	2.12087295056	1.23810159445	1.71146156093
2334	1.05267703504	1.44810437122	2.12126661704	1.23794269588	1.71148685177
2335	1.05263407823	1.44797993771	2.12165849625	1.2377843267	1.71151173295
2336	1.05259156654	1.44785573846	2.12204859217	1.23762648494	1.71153620526
2337	1.05254949777	1.44773177251	2.12243690883	1.23746916861	1.71156026948
2338	1.0525078697	1.44760803885	2.12282345026	1.23731237571	1.7115839264
2339	1.05246668014	1.44748453652	2.1232082205	1.23715610429	1.7116071768
2340	1.05242592688	1.44736126455	2.12359122361	1.23700035237	1.71163002151
2341	1.05238560773	1.44723822198	2.12397246368	1.236845118	1.71165246135
2342	1.0523457205	1.44711540786	2.12435194478	1.23669039921	1.71167449712
2343	1.052306263	1.44699282124	2.12472967104	1.23653619407	1.71169612968
2344	1.05226723305	1.4468704612	2.12510564657	1.23638250064	1.71171735987
2345	1.05222862847	1.44674832681	2.1254798755	1.23622931699	1.71173818855
2346	1.05219044711	1.44662641716	2.125852362	1.23607664119	1.71175861658
2347	1.05215268679	1.44650473134	2.12622311023	1.23592447134	1.71177864484
2348	1.05211534537	1.44638326845	2.12659212436	1.23577280554	1.71179827423
2349	1.05207842068	1.44626202762	2.1269594086	1.23562164189	1.71181750564
2350	1.0520419106	1.44614100797	2.12732496716	1.2354709785	1.71183633998
2351	1.05200581297	1.44602020862	2.12768880426	1.23532081349	1.71185477816
2352	1.05197012568	1.44589962872	2.12805092414	1.23517114501	1.71187282112
2353	1.0519348466	1.44577926743	2.12841133104	1.23502197118	1.7118904698
2354	1.05189997361	1.44565912391	2.12877002923	1.23487329016	1.71190772514
2355	1.05186550461	1.44553919732	2.12912702297	1.23472510012	1.71192458809
2356	1.05183143749	1.44541948685	2.12948231657	1.23457739921	1.71194105963
2357	1.05179777016	1.44529999169	2.1298359143	1.23443018561	1.71195714074
2358	1.05176450053	1.44518071103	2.13018782049	1.23428345752	1.71197283238
2359	1.05173162653	1.44506164409	2.13053803943	1.23413721311	1.71198813557
2360	1.05169914607	1.44494279007	2.13088657547	1.23399145061	1.71200305128
2361	1.05166705709	1.4448241482	2.13123343294	1.23384616821	1.71201758055
2362	1.05163535754	1.44470571772	2.13157861618	1.23370136415	1.71203172437
2363	1.05160404536	1.44458749786	2.13192212955	1.23355703664	1.71204548378
2364	1.05157311851	1.44446948788	2.1322639774	1.23341318393	1.71205885981
2365	1.05154257495	1.44435168703	2.13260416411	1.23326980426	1.71207185349
2366	1.05151241265	1.44423409457	2.13294269406	1.2331268959	1.71208446588
2367	1.0514826296	1.44411670979	2.13327957162	1.23298445709	1.71209669801
2368	1.05145322377	1.44399953196	2.13361480119	1.23284248612	1.71210855096
2369	1.05142419316	1.44388256038	2.13394838716	1.23270098126	1.71212002578
2370	1.05139553577	1.44376579433	2.13428033393	1.2325599408	1.71213112355
2371	1.0513672496	1.44364923312	2.13461064592	1.23241936303	1.71214184535
2372	1.05133933268	1.44353287606	2.13493932753	1.23227924627	1.71215219226
2373	1.05131178302	1.44341672247	2.13526638318	1.23213958882	1.71216216536
2374	1.05128459865	1.44330077167	2.13559181729	1.23200038901	1.71217176575
2375	1.05125777761	1.443185023	2.13591563429	1.23186164515	1.71218099453
2376	1.05123131794	1.44306947579	2.1362378386	1.2317233556	1.7121898528
2377	1.0512052177	1.44295412938	2.13655843466	1.23158551868	1.71219834167
2378	1.05117947493	1.44283898314	2.1368774269	1.23144813276	1.71220646226
2379	1.05115408772	1.44272403641	2.13719481976	1.23131119618	1.71221421568
2380	1.05112905412	1.44260928857	2.13751061767	1.23117470732	1.71222160305
2381	1.05110437223	1.44249473898	2.13782482509	1.23103866455	1.7122286255
2382	1.05108004012	1.44238038701	2.13813744645	1.23090306626	1.71223528416
2383	1.0510560559	1.44226623205	2.13844848619	1.23076791082	1.71224158016
2384	1.05103241766	1.44215227349	2.13875794877	1.23063319664	1.71224751464
2385	1.05100912351	1.44203851073	2.13906583863	1.23049892212	1.71225308874
2386	1.05098617157	1.44192494315	2.13937216022	1.23036508566	1.71225830361
2387	1.05096355997	1.44181157017	2.13967691799	1.2302316857	1.71226316039
2388	1.05094128683	1.4416983912	2.13998011638	1.23009872064	1.71226766022
2389	1.05091935029	1.44158540566	2.14028175984	1.22996618893	1.71227180428
2390	1.05089774849	1.44147261296	2.14058185282	1.229834089	1.7122755937
2391	1.0508764796	1.44136001253	2.14088039977	1.22970241929	1.71227902965
2392	1.05085554176	1.4412476038	2.14117740513	1.22957117827	1.7122821133
2393	1.05083493314	1.44113538622	2.14147287334	1.22944036438	1.71228484579
2394	1.05081465192	1.44102335922	2.14176680886	1.22930997609	1.7122872283
2395	1.05079469628	1.44091152225	2.14205921612	1.22918001189	1.712289262
2396	1.0507750644	1.44079987476	2.14235009957	1.22905047023	1.71229094806
2397	1.05075575448	1.44068841621	2.14263946363	1.22892134962	1.71229228764
2398	1.05073676472	1.44057714606	2.14292731275	1.22879264855	1.71229328193
2399	1.05071809333	1.44046606378	2.14321365137	1.2286643655	1.71229393209
2400	1.05069973852	1.44035516883	2.14349848391	1.228536499	1.7122942393
2401	1.05068169852	1.44024446069	2.1437818148	1.22840904754	1.71229420474
2402	1.05066397156	1.44013393885	2.14406364848	1.22828200966	1.7122938296
2403	1.05064655587	1.44002360278	2.14434398935	1.22815538386	1.71229311504
2404	1.05062944969	1.43991345197	2.14462284185	1.2280291687	1.71229206226
2405	1.05061265128	1.43980348591	2.14490021038	1.22790336269	1.71229067244
2406	1.05059615889	1.43969370411	2.14517609937	1.22777796439	1.71228894676
2407	1.05057997079	1.43958410605	2.14545051322	1.22765297234	1.7122868864
2408	1.05056408525	1.43947469126	2.14572345633	1.22752838511	1.71228449256
2409	1.05054850055	1.43936545922	2.14599493311	1.22740420124	1.71228176641
2410	1.05053321496	1.43925640947	2.14626494796	1.22728041932	1.71227870915
2411	1.05051822679	1.43914754151	2.14653350526	1.22715703791	1.71227532197
2412	1.05050353433	1.43903885486	2.14680060942	1.2270340556	1.71227160604
2413	1.05048913589	1.43893034905	2.1470662648	1.22691147096	1.71226756257
2414	1.05047502978	1.4388220236	2.1473304758	1.2267892826	1.71226319275
2415	1.05046121431	1.43871387806	2.14759324679	1.22666748911	1.71225849775
2416	1.05044768781	1.43860591194	2.14785458213	1.22654608909	1.71225347877
2417	1.05043444862	1.43849812479	2.14811448619	1.22642508116	1.71224813701
2418	1.05042149508	1.43839051616	2.14837296333	1.22630446392	1.71224247365
2419	1.05040882553	1.43828308559	2.14863001791	1.226184236	1.71223648988
2420	1.05039643831	1.43817583262	2.14888565427	1.22606439603	1.71223018689
2421	1.0503843318	1.43806875682	2.14913987676	1.22594494263	1.71222356587
2422	1.05037250436	1.43796185772	2.14939268972	1.22582587445	1.71221662802
2423	1.05036095436	1.43785513491	2.14964409748	1.22570719013	1.71220937452
2424	1.05034968018	1.43774858793	2.14989410436	1.22558888832	1.71220180656
2425	1.0503386802	1.43764221635	2.1501427147	1.22547096767	1.71219392533
2426	1.05032795283	1.43753601975	2.15038993279	1.22535342685	1.71218573202
2427	1.05031749645	1.43742999769	2.15063576295	1.22523626451	1.71217722782
2428	1.05030730947	1.43732414975	2.15088020949	1.22511947933	1.71216841392
2429	1.05029739031	1.4372184755	2.15112327669	1.22500306999	1.7121592915
2430	1.05028773738	1.43711297453	2.15136496886	1.22488703516	1.71214986175
2431	1.05027834911	1.43700764642	2.15160529027	1.22477137354	1.71214012586
2432	1.05026922393	1.43690249077	2.1518442452	1.22465608382	1.71213008501
2433	1.05026036028	1.43679750715	2.15208183792	1.22454116469	1.71211974039
2434	1.05025175661	1.43669269516	2.1523180727	1.22442661486	1.71210909318
2435	1.05024341136	1.4365880544	2.15255295379	1.22431243304	1.71209814456
2436	1.050235323	1.43648358446	2.15278648545	1.22419861793	1.71208689573
2437	1.05022748998	1.43637928495	2.15301867191	1.22408516827	1.71207534785
2438	1.05021991079	1.43627515547	2.15324951741	1.22397208277	1.71206350211
2439	1.05021258388	1.43617119563	2.15347902619	1.22385936015	1.71205135969
2440	1.05020550776	1.43606740504	2.15370720247	1.22374699917	1.71203892177
2441	1.05019868091	1.4359637833	2.15393405046	1.22363499855	1.71202618953
2442	1.05019210182	1.43586033004	2.15415957437	1.22352335703	1.71201316414
2443	1.050185769	1.43575704487	2.1543837784	1.22341207338	1.71199984678
2444	1.05017968095	1.43565392741	2.15460666675	1.22330114633	1.71198623861
2445	1.0501738362	1.43555097728	2.1548282436	1.22319057466	1.71197234083
2446	1.05016823326	1.43544819411	2.15504851314	1.22308035712	1.71195815459
2447	1.05016287066	1.43534557752	2.15526747953	1.22297049248	1.71194368107
2448	1.05015774694	1.43524312715	2.15548514694	1.22286097953	1.71192892143
2449	1.05015286063	1.43514084262	2.15570151952	1.22275181703	1.71191387685
2450	1.05014821028	1.43503872357	2.15591660143	1.22264300376	1.71189854849
2451	1.05014379445	1.43493676965	2.15613039681	1.22253453853	1.71188293752
2452	1.05013961169	1.43483498048	2.15634290978	1.22242642012	1.7118670451
2453	1.05013566058	1.4347333557	2.15655414449	1.22231864733	1.71185087239
2454	1.05013193967	1.43463189497	2.15676410504	1.22221121895	1.71183442056
2455	1.05012844755	1.43453059793	2.15697279554	1.22210413381	1.71181769076
2456	1.0501251828	1.43442946422	2.15718022011	1.22199739071	1.71180068415
2457	1.05012214401	1.4343284935	2.15738638283	1.22189098847	1.71178340189
2458	1.05011932977	1.43422768542	2.15759128779	1.2217849259	1.71176584513
2459	1.0501167387	1.43412703963	2.15779493907	1.22167920184	1.71174801502
2460	1.05011436939	1.4340265558	2.15799734074	1.22157381511	1.71172991272
2461	1.05011222046	1.43392623357	2.15819849686	1.22146876456	1.71171153938
2462	1.05011029053	1.43382607262	2.1583984115	1.22136404902	1.71169289615
2463	1.05010857823	1.4337260726	2.15859708869	1.22125966733	1.71167398416
2464	1.05010708219	1.43362623318	2.15879453248	1.22115561834	1.71165480458
2465	1.05010580104	1.43352655403	2.15899074689	1.22105190091	1.71163535853
2466	1.05010473343	1.43342703481	2.15918573595	1.22094851389	1.71161564716
2467	1.05010387802	1.4333276752	2.15937950368	1.22084545615	1.71159567161
2468	1.05010323345	1.43322847487	2.15957205407	1.22074272655	1.71157543302
2469	1.05010279838	1.4331294335	2.15976339114	1.22064032396	1.71155493253
2470	1.05010257149	1.43303055076	2.15995351885	1.22053824727	1.71153417126
2471	1.05010255145	1.43293182633	2.16014244121	1.22043649534	1.71151315035
2472	1.05010273694	1.43283325989	2.16033016217	1.22033506706	1.71149187094
2473	1.05010312664	1.43273485113	2.16051668572	1.22023396132	1.71147033414
2474	1.05010371924	1.43263659973	2.16070201579	1.22013317702	1.71144854109
2475	1.05010451344	1.43253850537	2.16088615634	1.22003271304	1.71142649291
2476	1.05010550795	1.43244056775	2.16106911131	1.2199325683	1.71140419071
2477	1.05010670147	1.43234278655	2.16125088463	1.21983274169	1.71138163564
2478	1.05010809272	1.43224516147	2.16143148023	1.21973323213	1.71135882879
2479	1.05010968041	1.4321476922	2.16161090201	1.21963403853	1.7113357713
2480	1.05011146327	1.43205037843	2.16178915388	1.2195351598	1.71131246426
2481	1.05011344003	1.43195321987	2.16196623974	1.21943659488	1.7112889088
2482	1.05011560944	1.4318562162	2.16214216348	1.21933834268	1.71126510603
2483	1.05011797022	1.43175936714	2.16231692898	1.21924040213	1.71124105705
2484	1.05012052114	1.43166267237	2.16249054011	1.21914277218	1.71121676298
2485	1.05012326094	1.43156613161	2.16266300072	1.21904545175	1.71119222491
2486	1.05012618839	1.43146974457	2.16283431469	1.2189484398	1.71116744395
2487	1.05012930224	1.43137351094	2.16300448585	1.21885173526	1.71114242119
2488	1.05013260127	1.43127743043	2.16317351804	1.21875533709	1.71111715774
2489	1.05013608426	1.43118150276	2.16334141509	1.21865924425	1.7110916547
2490	1.05013974999	1.43108572764	2.16350818082	1.21856345568	1.71106591314
2491	1.05014359724	1.43099010479	2.16367381903	1.21846797036	1.71103993418
2492	1.05014762481	1.4308946339	2.16383833354	1.21837278725	1.71101371889
2493	1.05015183149	1.43079931471	2.16400172814	1.21827790533	1.71098726837
2494	1.0501562161	1.43070414692	2.16416400661	1.21818332355	1.71096058369
2495	1.05016077743	1.43060913027	2.16432517273	1.21808904091	1.71093366595
2496	1.05016551431	1.43051426446	2.16448523027	1.21799505639	1.71090651621
2497	1.05017042556	1.43041954922	2.16464418299	1.21790136897	1.71087913557
2498	1.05017550999	1.43032498428	2.16480203463	1.21780797764	1.7108515251
2499	1.05018076644	1.43023056936	2.16495878895	1.21771488139	1.71082368586
2500	1.05018619375	1.43013630418	2.16511444966	1.21762207923	1.71079561894
